PatentNo	Cited Patent No
5331180	4810662
5739065	4810662
6225672	4810662
5340575	4855055
5274081	4855055
5026828	4855055
5030720	4855055
5011915	4855055
5576175	4855055
5677424	4855055
5587034	4873128
5492583	4873128
5012647	4873128
4968555	4873128
5176865	4873128
5401588	4873128
5292960	4918239
5654489	4918239
6376422	4918239
5605972	4927890
6001894	4927890
5817871	4929728
5912381	4935535
6716892	4935535
5734459	4966453
5297559	4966453
5971543	4966453
5431753	4968357
5738887	4971812
5641659	4971812
6106872	4971812
5363057	4992253
6723274	4992253
6603650	4992253
6744618	4992253
5378758	5010134
5378759	5010134
5389724	5010134
5451635	5010134
5504153	5010134
5504154	5010134
5516840	5010134
5567768	5010134
5545689	5010134
5545826	5010134
5652305	5010134
5989681	5010134
6174574	5010134
5541131	5024954
5212108	5024954
5801086	5024954
5362886	5068451
5272021	5091274
5648185	5091274
6322924	5091274
6495067	5091274
6682823	5091274
6932989	5094782
5629045	5094782
5500205	5094782
5891919	5094782
6025365	5137912
6426351	5137912
6210680	5137912
5792767	5158953
5512677	5158953
5340814	5158953
6946470	5158953
6568456	5161602
6845882	5170671
5351559	5170671
5415704	5178694
5498302	5178694
5509509	5180214
5264767	5180214
5373457	5180214
6036285	5180214
5918951	5180214
5951122	5180214
6125318	5180214
6220676	5180214
6178370	5180214
6757601	5180214
6795763	5180214
6799104	5180214
6799105	5180214
6947514	5180214
6928352	5180214
6718243	5180214
6711488	5180214
6728615	5180214
6691009	5180214
6694239	5180214
6191204	5180761
6255376	5180761
6596528	5206162
6902915	5206162
6163767	5220639
6260015	5220639
6094634	5220639
6067520	5220639
5995932	5220639
5452397	5220639
5602960	5220639
5680510	5220639
5787230	5220639
5751905	5220639
5752227	5220639
5832428	5220639
5893133	5220639
5884260	5220639
5852801	5220639
6535787	5221692
6635659	5221692
6084033	5223631
6054407	5223631
6229028	5223631
6051639	5241036
6046300	5241036
6133410	5241036
6008309	5241036
6831116	5241036
6521634	5242926
6553687	5245994
6859946	5245994
6766537	5245994
6904616	5245994
6928662	5245994
6925655	5245994
5887281	5245994
5758639	5245994
5711033	5245994
5566668	5245994
6257235	5245994
5530223	5259861
5409521	5259861
5228653	5259861
6634568	5259861
5348959	5262421
5780662	5268487
5844065	5268487
5856572	5268487
5939520	5268487
5939521	5268487
5977289	5268487
6060575	5268487
6093790	5268487
6087470	5268487
6069278	5268487
6191185	5268487
5348959	5270321
6305232	5289726
6370949	5289726
6342386	5290693
5574089	5290693
5919689	5290693
5989728	5294312
6120836	5294312
5460704	5294312
5695877	5294312
5746500	5294312
6375639	5294312
6419804	5294312
6306366	5302372
5792445	5302372
5833613	5302372
5846200	5302372
5848968	5302372
5688490	5302372
5706819	5302372
5653959	5302372
5456257	5302372
5370901	5302372
5951478	5302372
5451860	5307007
5530340	5307007
5646518	5307007
5559425	5307007
5889394	5307007
5818292	5307007
5760639	5307007
6229382	5307007
6255807	5307007
6242897	5307007
6556070	5307007
RE38250	5307007
6756281	5311047
6740909	5311047
6242794	5311047
6225672	5311047
6310382	5311047
6342720	5311047
5789263	5311047
5682037	5311047
5557133	5311047
5449923	5311047
5923049	5311047
6137123	5311047
6043549	5311047
5688684	5312739
5612202	5312739
5863784	5312739
5391671	5317069
5526851	5320143
5601121	5320143
5651396	5320143
5669861	5320143
6330903	5320143
6066585	5320792
6764565	5320792
6846768	5320792
6919289	5320792
6589900	5320792
6302939	5332198
6277304	5340500
6040528	5340500
6066269	5340500
6136909	5340500
6819741	5340500
6946470	5340814
5932584	5340814
5965690	5340904
5675020	5340904
5470987	5340904
5886131	5340904
5780662	5340904
5834620	5340904
6277950	5340904
6197920	5340904
6274464	5347161
6335558	5347161
5767004	5347161
5670397	5347161
5710454	5347161
6080644	5347161
5949064	5351309
6020593	5351309
5726439	5351309
5678098	5351309
5552828	5351309
5790699	5351309
5754690	5351309
5837995	5351309
5886343	5351309
5895415	5351309
6275659	5351309
6278102	5351309
6201234	5351309
6184929	5351309
6230057	5351309
6236942	5351309
6411903	5351309
6389317	5351309
6366320	5351309
6496651	5351309
6891181	5351309
6822213	5351309
6801491	5351309
6574022	5351309
6574565	5351309
6611716	5351309
6693670	5351309
6370949	5351559
6942849	5358858
6968475	5378942
6737888	5378942
6157562	5378942
5886540	5378942
5880608	5378942
5821775	5378942
5642061	5378942
5990706	5378942
5999019	5378942
6632473	5384158
6537814	5385725
6514207	5385725
5980950	5385725
6120455	5385725
6117858	5385725
5648098	5385725
5695740	5385725
5701899	5385725
5849727	5385725
6245747	5385725
6267727	5385725
6182500	5394735
6202473	5394735
5814281	5394735
6155100	5394735
6027760	5394735
6673644	5394735
6153663	5395900
6107362	5395900
6441241	5395900
6136234	5405556
6027672	5405556
5938986	5405556
5935491	5405556
5846456	5405556
5567363	5405556
5907035	5407579
5741894	5407579
5912093	5407593
5888672	5407593
5558959	5407593
5549987	5407593
6451480	5407593
6413675	5407593
6190805	5407593
6173886	5411770
6229111	5411770
6284067	5411770
6294225	5411770
6299707	5411770
6328026	5411770
6344246	5411770
6350326	5411770
6454877	5411770
6423162	5411770
6497985	5411770
5514202	5413617
5516355	5413617
6156094	5413617
6087470	5414070
6093790	5414070
6060575	5414070
5977289	5414070
5502143	5414070
5780662	5414070
5844065	5414070
6277950	5414070
6272421	5416709
6301570	5416709
5697681	5416709
5634698	5416709
5918221	5416709
6088646	5416709
5847570	5422594
6529012	5422594
6650147	5426385
5610540	5426385
5619153	5426385
5666069	5426385
5691654	5426385
5734275	5426385
5521875	5426385
5929660	5426385
6353342	5426385
6411550	5426385
6368887	5429966
6368918	5429966
6472236	5429966
6476441	5429966
6300217	5429966
6331465	5429966
6294813	5429966
6207505	5429966
6242304	5429966
6171872	5429966
6025627	5429966
6017786	5429966
6043124	5429966
6040207	5429966
6127698	5429966
5712177	5429966
5683923	5429966
5891744	5429966
5780342	5429966
6706597	5429966
6967154	5429966
5821153	5429982
5726091	5429982
5661072	5429982
5923965	5429982
5972777	5429982
6044482	5430739
6058499	5430739
5898708	5430739
6219817	5430739
6347389	5430739
5902829	5436270
5686493	5436270
5502055	5436270
6011066	5436270
5946434	5436992
5875276	5436992
5834055	5436992
5745619	5436992
5749132	5436992
6324312	5436992
6788838	5436992
6862310	5436992
6567598	5436992
6510228	5440570
6560338	5440570
6694476	5440570
6888941	5440570
6252958	5440570
6490357	5440570
5898708	5440570
5592404	5440570
5943348	5440570
5974582	5440570
6041430	5440570
5976458	5445790
6030472	5445790
5752155	5445790
5765096	5445790
5842109	5445790
5815789	5445790
6332936	5445790
6293987	5445790
6280682	5445790
6660109	5445790
6607576	5445790
6482384	5453407
6423287	5453407
5846508	5453407
5585084	5453407
6096282	5453407
6143241	5455001
6030472	5455001
5976458	5455001
5864744	5455001
6280682	5455001
6293987	5455001
6294130	5455001
6332936	5455001
6607576	5455001
6506338	5455001
6660109	5455001
6271122	5457069
6440851	5457069
6417567	5457069
5869396	5457069
5529954	5457069
5510295	5457069
6022801	5457069
6001718	5457069
5994775	5457069
6124639	5457069
6071770	5457069
6069045	5457069
6200948	5458847
6893481	5458847
6482384	5460794
5635153	5460794
5846508	5460794
5976458	5466311
6251339	5466311
6280682	5466311
6607576	5466311
6342555	5466346
5929234	5466346
5932724	5466346
5681952	5466346
6078215	5475327
6211731	5475327
6472925	5475327
5885379	5478522
5665423	5478757
6103546	5478757
6455344	5478757
6589848	5478757
6632699	5478757
6653166	5482890
6667492	5482890
6683013	5482890
6711200	5482890
6509619	5482890
6528165	5482890
6534782	5482890
6905766	5482890
6967112	5482890
6774560	5482890
6784074	5482890
6465782	5482890
6413880	5482890
6242326	5482890
6033972	5482890
5928979	5482907
5639704	5482907
6731051	5482907
5605649	5486311
6051965	5486794
6236524	5486794
6710959	5486794
6864755	5486794
6856206	5486794
6889087	5486794
6947213	5486934
6750995	5486934
6728034	5486934
6673497	5486934
6504629	5486934
6586141	5486934
6169613	5486934
6417941	5486934
6473144	5486934
6141124	5486934
5966223	5486934
5682255	5486934
5729306	5486934
5737040	5486934
5982567	5487954
6713173	5487954
6446427	5494438
6305927	5494438
5981774	5495005
5741813	5495005
5861108	5495037
6017984	5495037
6294225	5496593
6548125	5496593
6715780	5499833
6910701	5499833
6024369	5499833
5865455	5499833
6011066	5502055
6344201	5502055
6780414	5502055
6260138	5504914
6164841	5504914
6189141	5504914
6223339	5504914
6148437	5504914
5875317	5504914
5911073	5504914
5717883	5504914
5654660	5504919
6754805	5504919
6689645	5506006
6593077	5506006
6613697	5506006
5877073	5506006
5753311	5506006
6080683	5506006
5920780	5506006
5617052	5506538
5696206	5510457
5932584	5512677
6946470	5512677
6679938	5514202
6660058	5514202
6348431	5514202
5847437	5517054
6903433	5517054
6800499	5517054
6891259	5518660
6617362	5518660
6123912	5518660
6190862	5521299
6574745	5521299
5792289	5525165
5651396	5526851
5630298	5533307
5845438	5533307
5875589	5533307
6115972	5533307
6325351	5533307
6425157	5533307
6543077	5533307
6672573	5533307
6698053	5533307
6722088	5533307
6931804	5533307
D468995	5533307
6840016	5533307
6872273	5534302
6881288	5534302
6927055	5534302
5965671	5534302
6161212	5535146
6845347	5535146
6711723	5535146
6537921	5536676
6509265	5536676
6580150	5536676
6855614	5536676
6958275	5536676
6180521	5536676
6420757	5536676
6433370	5536676
6417567	5536676
5998284	5536676
5998294	5536676
5998248	5536676
5998273	5536676
6025242	5536676
6037204	5536676
6022801	5536676
6022771	5536676
6124639	5536676
6096647	5536676
6136677	5536676
5891791	5536676
5801086	5536676
5780361	5536676
5677213	5536676
6252095	5550093
6749778	5550093
6692713	5550093
6435043	5553795
6380898	5557228
6373317	5557228
5617052	5557228
6144842	5557228
6594478	5557228
6810240	5557228
6097998	5557523
6128567	5557523
5812433	5557523
5869742	5557523
5965671	5559197
6350799	5559197
5856352	5563167
5656197	5563230
6743936	5563230
6914126	5563230
6696585	5563230
6709956	5567638
6670242	5567638
6630383	5567638
6624476	5567638
6509230	5567638
6498082	5567638
6528396	5567638
6521496	5567638
6551946	5567638
6875676	5567638
6967383	5567638
6747327	5567638
6737337	5567638
6762454	5567638
6777346	5567638
6815295	5567638
5707896	5567638
5714788	5567638
5854115	5567638
5847427	5567638
5851888	5567638
5851891	5567638
5872049	5567638
5872052	5567638
5861329	5567638
5877057	5567638
5885861	5567638
5885877	5567638
5830802	5567638
5843812	5567638
5837598	5567638
5959333	5567638
5981364	5567638
5936287	5567638
5937303	5567638
6017808	5567638
6114196	5567638
6153456	5567638
6069046	5567638
6080629	5567638
6051460	5567638
6043138	5567638
6373113	5567638
6369423	5567638
6362045	5567638
6380055	5567638
6395610	5567638
6410938	5567638
6440829	5567638
6255149	5567638
6194305	5567638
6197647	5567638
6342437	5567638
6298394	5570375
6314539	5570375
6272653	5570375
6195775	5570375
6205560	5570375
6434665	5570375
6427217	5570375
6449712	5570375
6457118	5570375
6460174	5570375
6463553	5570375
6484275	5570375
6487683	5570375
6408381	5570375
6412043	5570375
6412047	5570375
6378094	5570375
6351803	5570375
6357026	5570375
6349371	5570375
6088784	5570375
5983379	5570375
6000040	5570375
5960008	5570375
5790561	5570375
5859657	5570375
5710779	5570375
6820195	5570375
6826191	5570375
6859891	5570375
6779145	5570375
6789220	5570375
6754867	5570375
6972592	5570375
6948140	5570375
6886110	5570375
6915495	5570375
6918065	5570375
6928073	5570375
6895565	5570375
6542983	5570375
6553460	5570375
6557119	5570375
6546480	5570375
6530047	5570375
6502210	5570375
6590907	5570375
6591340	5570375
6591369	5570375
6574762	5570375
6574651	5570375
6567932	5570375
6567325	5570375
6615370	5570375
6598128	5570375
6598177	5570375
6598193	5570375
6601189	5570375
6629115	5570375
6629207	5570375
6629281	5570375
6633971	5570375
6665816	5570375
6662327	5570375
6675338	5570375
6684348	5570375
6701405	5570375
6693914	5570375
6725407	5570375
6715105	5570375
6732307	5570375
6602974	5571454
6887965	5571454
6867281	5571454
5885711	5571454
5814666	5576350
6011066	5576350
5989396	5578175
6863792	5578175
6740220	5578175
6676492	5582540
5985094	5582540
5921849	5582540
6106379	5582540
5846125	5582540
6458017	5582540
6196907	5582540
6280295	5582540
6316830	5583073
6319751	5583073
6309954	5583073
6303500	5583073
6323128	5583073
6184061	5583073
6207559	5583073
6451116	5583073
6448644	5583073
6448108	5583073
6444489	5583073
6436734	5583073
6440835	5583073
6436816	5583073
6437452	5583073
6495441	5583073
6492252	5583073
6475833	5583073
6350386	5583073
6350632	5583073
6350633	5583073
6346151	5583073
6380626	5583073
6402970	5583073
6403400	5583073
6403460	5583073
6406939	5583073
5777385	5583073
5893725	5583073
5674780	5583073
6051879	5583073
5989993	5583073
6673710	5583073
6667229	5583073
6660625	5583073
6660626	5583073
6630400	5583073
6627824	5583073
6653170	5583073
6653217	5583073
6653742	5583073
6646345	5583073
6699780	5583073
6608374	5583073
6566253	5583073
6576493	5583073
6576539	5583073
6583040	5583073
6589594	5583073
6511865	5583073
6544813	5583073
6537851	5583073
6528891	5583073
6562657	5583073
6562709	5583073
6548393	5583073
6551861	5583073
6740576	5583073
6850084	5583073
6815789	5583073
6809414	5583073
6800506	5583073
6876072	5583073
6872591	5583073
6908788	5583073
6949408	5583073
6967164	5583073
6783964	5585183
6645488	5585183
6645525	5585183
6365385	5585183
6303355	5585183
6490391	5586205
6049643	5586205
6625349	5586205
6621951	5586205
6690857	5586205
6718097	5586205
6719608	5586205
6556746	5586205
6542663	5586205
6501875	5586205
6516114	5586205
6571035	5586205
6597833	5586205
6621952	5586205
6744948	5586205
6763159	5586205
6917734	5586205
6869347	5586205
6888987	5586205
6210680	5594033
6216415	5595040
6237303	5595040
6427393	5595040
6412237	5595040
6386641	5595040
6012256	5595040
5913794	5595040
6591573	5595040
6662506	5595040
6617922	5596289
6552611	5596289
6753730	5596289
5912582	5596289
5856749	5596289
6002276	5596289
5959475	5596289
5955915	5596289
6400225	5596289
6472908	5596289
6251359	5597546
6099819	5597546
6800269	5597546
6946111	5597546
6506356	5597546
6579510	5597546
6559682	5602504
5999053	5602504
5995819	5602504
5841311	5602504
6211717	5602504
6466775	5602504
6392699	5602654
6380978	5602654
6366692	5602654
6366694	5602654
6356276	5602654
6208768	5602654
6239842	5602654
6166772	5602654
6188437	5602654
6295090	5602654
6262773	5602654
6141056	5602654
6075886	5602654
6504577	5602654
6507364	5602654
6678003	5602654
6680752	5602654
6965705	5602654
6970206	5602654
6867814	5602654
6909469	5602654
6797586	5610098
6512858	5610873
6032242	5610873
6430671	5610873
6372301	5614270
6372670	5614270
6413879	5614270
6143670	5614270
5972437	5614270
5756371	5614270
6524972	5614270
6537623	5614270
6593077	5616233
6613697	5616233
6903029	5616233
6039857	5616233
6080683	5616233
6352939	5616233
6061008	5623263
5757300	5623263
5805093	5623263
6873195	5623263
6587063	5623263
6624489	5624867
6787436	5624867
5760451	5624867
6136677	5624867
6130144	5624867
5998273	5624867
5998248	5624867
6022771	5624867
6025242	5624867
6365446	5624867
6255203	5624867
6517758	5628942
6521496	5629221
6509230	5629221
6534388	5629221
6551946	5629221
6624476	5629221
6653679	5629221
6670242	5629221
6727146	5629221
6737337	5629221
6803330	5629221
6953728	5629221
6943116	5629221
6265261	5629221
6323094	5629221
6184110	5629221
6211045	5629221
6348373	5629221
6410938	5629221
6395610	5629221
6495432	5629221
6143598	5629221
6127227	5629221
6040249	5629221
5861651	5629221
5875589	5630298
6425157	5630298
6233884	5630298
6931804	5630298
D447045	5630298
6871456	5630298
6920724	5630298
6761001	5630298
6722088	5630298
6698053	5630298
6651395	5630298
6543077	5630298
6946868	5631575
6486697	5631575
5714892	5631575
6080378	5635258
5981057	5635258
5964942	5635258
6491987	5635258
6472017	5635258
6475573	5635258
6416816	5635258
6447891	5635258
6461731	5635258
6395333	5635258
6368664	5635258
6335086	5635258
6338901	5635258
6303226	5635258
6312808	5635258
6261693	5635258
6277480	5635258
6280834	5635258
6284377	5635258
6878404	5635258
6764579	5635258
6777030	5635258
6858080	5635258
6531182	5635258
6582513	5635258
6592993	5635258
6638570	5635258
6663753	5635258
6713178	5635258
5848479	5640778
5774997	5640778
5821344	5641859
5891970	5641859
6277512	5641859
6611096	5641859
6713312	5643032
6739930	5643032
6387717	5643032
5827100	5643032
5775968	5643032
5779514	5643032
5720641	5643032
5720642	5643032
5964629	5643032
5953580	5643032
6140760	5643032
6133056	5643032
6413169	5643108
6800038	5643108
6824475	5643108
6960142	5643108
6723005	5643108
6605007	5643108
6508722	5643108
6900242	5646164
6613697	5648128
6593077	5648128
6730370	5648128
6689645	5648128
6660615	5648128
6372520	5648128
6428661	5648128
6159853	5648128
6080683	5648128
6057566	5652440
5959317	5652440
6198116	5652440
6342411	5652440
6787821	5652440
6753822	5653476
6290583	5653476
6029695	5653476
6299851	5653953
6235259	5653953
6251359	5653953
6800269	5653953
6946111	5653953
6579510	5653953
6506356	5653953
6084460	5656964
6242343	5658806
6265325	5658806
6316296	5658806
6551934	5658806
6673661	5658806
6913993	5658806
6858478	5658806
6856360	5658806
6770332	5660894
6884672	5661051
6274413	5661051
6080607	5661051
6110767	5661051
5783499	5661051
6120889	5663238
5955196	5663238
6287656	5663238
6183848	5663238
6338976	5665423
6589848	5665423
6800278	5667913
6294293	5667913
6361901	5667913
6096453	5667913
6073265	5668481
5968194	5668481
6018815	5668481
6871310	5668481
6651206	5668481
6077760	5670414
6271544	5670414
6693099	5670508
6519737	5671238
6128760	5671238
6617399	5672431
6670430	5672431
6893736	5672431
6951907	5672431
6818318	5672431
6734109	5674777
6548378	5674777
6333216	5674777
6664345	5686541
6740192	5686541
6911237	5686541
6911828	5698085
6814848	5698085
6646427	5698085
6153065	5698085
6392420	5698085
6251359	5700440
6207127	5700440
6299851	5700440
5948382	5700440
6506356	5700440
6579510	5700440
6800269	5700440
6919296	5700440
6946111	5700440
6020604	5701020
5831297	5701020
6184546	5701020
6264575	5704859
6488603	5704859
5816968	5704859
6476726	5705047
6469631	5705047
6462669	5705047
6424269	5705047
6461008	5705047
6380865	5705047
6367949	5705047
6262426	5705047
6252254	5705047
6930615	5705047
6881977	5705047
6788217	5705047
6789930	5705047
6814459	5705047
6815828	5705047
6822578	5705047
6590343	5705047
6590502	5705047
6614359	5705047
6504487	5705047
6547410	5705047
6693551	5705047
6700502	5705047
6707389	5705047
6705745	5705047
6020966	5706088
6215051	5712112
6288302	5712112
6359196	5712112
6462257	5712112
6495477	5714398
6406963	5714398
6274467	5714398
6211048	5714398
6194297	5714398
5940698	5714398
6051486	5714398
6743682	5714398
6891189	5714772
6617607	5714772
6054747	5714772
6093938	5714772
6229158	5714772
6329676	5714772
6230057	5717201
6201234	5717201
6389317	5717201
6373600	5717201
5895415	5717201
6611716	5717201
6574022	5717201
6810380	5717201
6801491	5717201
6690728	5719642
6671319	5719642
5883679	5719642
5864372	5719642
5838392	5719642
6128047	5719642
6122317	5719642
6130912	5719642
6154492	5719642
6031582	5719642
6370194	5719642
6356590	5719642
6377970	5719642
6483876	5719642
6243803	5719642
5931760	5720686
5803858	5720686
5848949	5720686
5904633	5720686
5916053	5720686
6852055	5720686
6674449	5722420
6734834	5722420
6603494	5722420
6539560	5722420
6535021	5729165
6605982	5729165
6703883	5729165
6670822	5729165
5912577	5729165
5898333	5729165
5969564	5729165
6046613	5729165
6072353	5729165
6242973	5729165
6211720	5729165
6215329	5729165
6275127	5732636
6267876	5732636
6363857	5732636
6770146	5732636
6828849	5734290
6650172	5734290
6686793	5734290
6359947	5734290
6373324	5734290
6496055	5734290
6268762	5734290
6297690	5734290
6225853	5734290
6198342	5734290
6188590	5734290
6160440	5734290
5978283	5734290
5982223	5734290
6014018	5734290
5986935	5734290
5999040	5734290
5892267	5734290
5971543	5734459
6183086	5734459
6357877	5734459
6352939	5736454
6352893	5736454
6465267	5736454
6200836	5736454
6197654	5736454
5821172	5736454
6677218	5736454
6833399	5741382
6820406	5741382
6927234	5741813
6933396	5741813
6788232	5742246
6653967	5742246
6690949	5742246
6696843	5742246
6724332	5742246
6507305	5742246
5838272	5742246
5859603	5742246
6020836	5742246
6034629	5742246
6061008	5742246
6489907	5742246
6240324	5742503
6081751	5742503
6014613	5742503
6847851	5742503
6847954	5742503
6937908	5742503
6207089	5746956
6202276	5746956
6494821	5749819
5947878	5749819
6090026	5749819
6641511	5749819
6680067	5750534
6703398	5750534
6525062	5750534
6007841	5750534
6438023	5751174
6400206	5751174
6563357	5751174
6842059	5751174
6762957	5751174
6601470	5752905
6422099	5752905
6489907	5757301
6407689	5757301
6157331	5757301
6232901	5757301
6061008	5757301
6611223	5757301
6515540	5757301
6498572	5757301
6680683	5757301
6724269	5757301
6661298	5757301
6650268	5757301
6621435	5757301
6630897	5757301
6633203	5757301
6844836	5757301
6911928	5757301
6907090	5757301
6634971	5759124
6050916	5759124
6045472	5759124
6007442	5759124
6440946	5760013
6294832	5766692
6607984	5766692
5984662	5768886
5941063	5768886
6183877	5773733
6181231	5773870
6169320	5773870
6221727	5773870
6258688	5773870
6258652	5773870
6455915	5773870
5930637	5773870
6518165	5773870
6727570	5773870
6720229	5773870
6719394	5773870
6693039	5773870
6728119	5774351
6630751	5774351
6842355	5774351
6807073	5774351
6038147	5774351
6459779	5774351
6404658	5774351
6351401	5774351
6243275	5774351
6166932	5774351
6291348	5776425
6444580	5776425
6517901	5776425
6815736	5776793
6750151	5776793
5945355	5776835
6025274	5776835
6016120	5777578
6463366	5777578
6285320	5777578
6844856	5777578
6678589	5777578
6660173	5779514
6689282	5779514
6739930	5779514
6753643	5779514
6168491	5779514
6062931	5779514
5836799	5779514
5966493	5781675
6165394	5781675
6205280	5781675
6191224	5781675
6268435	5781675
6301426	5781675
6303695	5781675
6335998	5781675
6466729	5781675
6483981	5781675
6489399	5781675
6490391	5781675
6444756	5781675
6374011	5781675
6763153	5781675
6744948	5781675
6785461	5781675
6836334	5781675
6907150	5781675
6891622	5781675
6885786	5781675
6874950	5781675
6869347	5781675
6965721	5781675
6964804	5781675
6681073	5781675
6690857	5781675
6703821	5781675
6707558	5781675
6718097	5781675
6719608	5781675
6714185	5781675
6621951	5781675
6625349	5781675
6516131	5781675
6516114	5781675
6501875	5781675
6563589	5781675
6556746	5781675
6535657	5781675
6535685	5781675
6539134	5781675
6542663	5781675
6542651	5781675
6597833	5781675
6611649	5781675
6621952	5781675
6571035	5781675
6594020	5781675
6527810	5783248
6719989	5783248
6719993	5783248
6776860	5783248
6296667	5783248
6136029	5783248
6140192	5783479
5920783	5783479
6271096	5783479
6268254	5783479
6309933	5783479
6188117	5783479
6174762	5783479
6235598	5783479
6251762	5783479
6359321	5783479
6346449	5783479
6344388	5783479
6461951	5783479
6479403	5783479
6777760	5783479
6806126	5783479
6933620	5783479
6716689	5783479
6630721	5783479
6674139	5783479
6521964	5783479
6506652	5783479
6509618	5783479
6531380	5783479
6538295	5783479
6548403	5783479
6593633	5783479
6504612	5784186
6813050	5784186
6407872	5784186
6341870	5784186
6465815	5786244
6090649	5786244
6309993	5786288
6174829	5786288
6159883	5786288
6184546	5789771
5949096	5789771
5932987	5790971
6823133	5790971
6551650	5795619
6637638	5795619
6153503	5795619
6107122	5795619
6228689	5795619
6309954	5795619
6335626	5795619
6372624	5795619
6207609	5795837
6274177	5804603
6263234	5804813
6310686	5804813
6195202	5804813
6403332	5804813
6483581	5804813
6423960	5804813
6043932	5804813
6643071	5804813
6674058	5804813
6693945	5804813
6750036	5804813
6833724	5808476
6469533	5808476
6342790	5808476
6049633	5808572
6012160	5808572
6864813	5808572
6917651	5808572
6869347	5809188
6965721	5809188
6744948	5809188
6690857	5809188
6719608	5809188
6625349	5809188
6621951	5809188
6556746	5809188
6535685	5809188
6542663	5809188
6501875	5809188
6516114	5809188
6516131	5809188
6571035	5809188
6621952	5809188
6597833	5809188
6603902	5809188
6011881	5809188
6490391	5809188
6370310	5809188
6238490	5810947
6942935	5810947
6906295	5810947
6601470	5816987
6716146	5816987
5988961	5816987
5997455	5816987
6093790	5817741
6504375	5821344
6680468	5821528
5990731	5821528
6201270	5821528
6295320	5825420
6377627	5825420
6097846	5825420
6114209	5827768
6156613	5827768
6090691	5827768
6001697	5827768
5904569	5827768
6403485	5827768
6444529	5827768
6258677	5827768
6162690	5827768
6162691	5827768
6211026	5827768
6660600	5827768
6649460	5827768
6579770	5827768
6545340	5828077
6031256	5828077
6118136	5828077
6188081	5831297
6321666	5836524
6364225	5836524
5998325	5836524
6706199	5836524
6972085	5836524
6555850	5838030
6133063	5838034
6051324	5842107
6087470	5844065
6093790	5844065
6069278	5844065
6133407	5844065
6037499	5844065
6136234	5846456
6423287	5846508
6482384	5846508
6306739	5846508
6229193	5847437
6087702	5847437
6610999	5847437
6623251	5848845
6880536	5848845
6464435	5848845
6309694	5849045
6800278	5849045
6026427	5853731
6456215	5854374
6376640	5854374
6710155	5854374
6871175	5857000
6965859	5857000
6430529	5857000
6253303	5857000
6199041	5857000
6361901	5863454
6150182	5866071
6072841	5867059
6487505	5867059
6725024	5867059
6639530	5870048
6614285	5870048
6577259	5870048
6538589	5870048
6962436	5870048
6956411	5870048
6954159	5870048
6930495	5870048
6869216	5870048
6873281	5870048
6927717	5870048
6750796	5870048
6836228	5870048
6429797	5870048
6411242	5870048
6184812	5870048
6249236	5870048
6323794	5870048
5940019	5870048
6309993	5872071
6319486	5876690
6346140	5876690
6497857	5876690
6846546	5876690
6949238	5876690
6617107	5876942
6407872	5886806
6406957	5893740
6413823	5893740
6400002	5893740
6482691	5893740
6470488	5893740
6475852	5893740
6472260	5893740
6335234	5893740
6335246	5893740
6344382	5893740
6232642	5893740
6221724	5893740
6174778	5893740
6180464	5893740
6198141	5893740
5963811	5893740
6590230	5893740
6653687	5893740
6673663	5893740
6734108	5893740
6686623	5893740
6897526	5893740
6867085	5893740
6828624	5893741
6522001	5893741
5970352	5893741
6091117	5893741
6110786	5893741
6300180	5893741
6436805	5893741
6372649	5893741
6356137	5898333
5973514	5898333
6917221	5898333
6618409	5903047
6146928	5903047
6407872	5907423
6813050	5907423
6380601	5911839
6399205	5912093
6458875	5912093
6159639	5912093
6093451	5912093
6077897	5912093
6589383	5912093
6576372	5912093
6255183	5913123
6216415	5913794
6376750	5917029
6413388	5922091
6413403	5922091
6354916	5922091
6482307	5922091
6478936	5922091
6497800	5922091
6300249	5922091
6030425	5922091
6620037	5922091
6612915	5922091
6610190	5922091
6530967	5922091
6506682	5922091
6695962	5922091
6802946	5922091
6866763	5922091
6746314	5922091
6800218	5922091
6773576	5922091
6930054	5922091
6953389	5922091
6942780	5922091
6780251	5926615
6753272	5926615
6576064	5926615
6091889	5926615
6188044	5926615
6462595	5930322
6130564	5930322
6696857	5930322
6737900	5930322
6286022	5931894
6362338	5932584
6946470	5932584
6964932	5935705
6774432	5935705
6835956	5935705
6711191	5935705
6632477	5935705
6330279	5936457
6886973	5941063
6876010	5943560
6881632	5943560
6921914	5943560
6956235	5943560
6933518	5943560
6940089	5943560
6864115	5943560
6828587	5943560
6787807	5943560
6737670	5943560
6750130	5943560
6635555	5943560
6649480	5943560
6664147	5943560
6713326	5943560
6723661	5943560
6724008	5943560
6703144	5943560
6703265	5943560
6703688	5943560
6686978	5943560
6690068	5943560
6573126	5943560
6602613	5943560
6613623	5943560
6274463	5943560
6507994	5947878
6800261	5948382
6251359	5948382
6356065	5952885
6873206	5952885
6346481	5958519
6105415	5959189
6886392	5959189
6615670	5959189
6775889	5960668
6890655	5961718
6660329	5961718
6900242	5962460
6684364	5964826
6539516	5964826
6202076	5964826
6266688	5964826
6317858	5964826
6965156	5965270
6094445	5966392
6124735	5973514
6300801	5973514
6265899	5973514
6366133	5973514
6496038	5973514
6946879	5973514
6917221	5973514
6870401	5973514
6801056	5973514
6542006	5973514
6531897	5973514
6597203	5973514
6571378	5973514
6567337	5973514
6649476	5973514
6693461	5973514
6339367	5973589
6277950	5977289
6096900	5977289
6459103	5977572
6890627	5977572
6885495	5978062
6923701	5978062
6906779	5978062
6933098	5978062
6930818	5978062
6859302	5978062
6747727	5978062
6707518	5978062
6356335	5978062
6391702	5981321
6265255	5981321
6586289	5981321
6620668	5981321
6521493	5981321
6615398	5986483
6636573	5986483
6806779	5986483
6950485	5986483
6304623	5986483
6347325	5986483
6667923	5991192
6689310	5993726
6723276	5993726
6345964	5993726
6398525	5993726
6303074	5993726
6397102	5994410
6355225	5994410
6916799	5994410
6777445	5994410
6803329	5998304
6225239	5998304
6195674	5999958
6052703	5999958
6859815	5999958
6868706	6003351
6591645	6003351
6494068	6003351
6457479	6004886
6197677	6004886
6814987	6004969
6420728	6005259
6369590	6011402
6369591	6011402
6653851	6011402
6647160	6024488
6659640	6024488
6549687	6024488
6807324	6024488
6829397	6024488
6819812	6024488
6836578	6024488
6878926	6024488
6283632	6024488
6429802	6029521
6935935	6029521
6772091	6029521
6746319	6029521
6584847	6029521
6598485	6029521
6672162	6029521
6680504	6031256
6670653	6031256
6597011	6031256
6512369	6031256
6750480	6031256
6737684	6031256
6765242	6031256
6797996	6031256
6847060	6031256
6800879	6031256
6385207	6031844
6821410	6042714
6867120	6043518
6761655	6045472
6659895	6045472
6676549	6045472
6340338	6045472
6364460	6046066
6664786	6046066
6690178	6046066
6501282	6046066
6617657	6046066
6617750	6046066
6583374	6046066
6593870	6046066
6569701	6046066
6761829	6046066
6756310	6046066
6798312	6046066
6794271	6046066
6768628	6046066
6846724	6046066
6800503	6046066
6803755	6046066
6815243	6046066
6825743	6052039
6838954	6052039
6842140	6052039
6781486	6052039
6794952	6052039
6791496	6052039
6750820	6052039
6750740	6052039
6753744	6052039
6753745	6052039
6753814	6052039
6737932	6052039
6741148	6052039
6943731	6052039
6963259	6052039
6597318	6052039
6700463	6052039
6720926	6052039
6727785	6052039
6734827	6052039
6731244	6052039
6731246	6052039
6731248	6052039
6137376	6052039
6286022	6052704
6279023	6052704
6912558	6052704
6779011	6052704
6730914	6054747
6265798	6057620
6319872	6060415
6685841	6060415
6913697	6060415
6277950	6060575
6930372	6063661
6954040	6074172
6864647	6074172
6851934	6074172
6815847	6074172
6809434	6074172
6812084	6077760
6806117	6077760
6853035	6077760
6864104	6077760
6861707	6077760
6847562	6077760
6849483	6077760
6795337	6077760
6754104	6077760
6956262	6077760
6933548	6077760
6969894	6077760
6972465	6077760
6912151	6077760
6894327	6077760
6686267	6077760
6680245	6077760
6664601	6077760
6727548	6077760
6724024	6077760
6724655	6077760
6700155	6077760
6686631	6077760
6693027	6077760
6596617	6077760
6567292	6077760
6594193	6077760
6512274	6077760
6559470	6077760
6271544	6077760
6252295	6077760
6479862	6077760
6441494	6087189
6399401	6087189
6403389	6087189
6310361	6087189
6562704	6087189
6599761	6087189
6620635	6087189
6790685	6087189
6844751	6087189
6815319	6087189
6580411	6087276
6528435	6087276
6784514	6087704
6756747	6087785
6774432	6090358
6964932	6090358
6632477	6090358
6903029	6090726
6452579	6091889
6277950	6093790
6760397	6094466
6737900	6094466
6556056	6094466
6512574	6103546
6632699	6103546
6455344	6103546
6648885	6106527
6562073	6106527
6576017	6106527
6899714	6106527
6902565	6106527
6882367	6111245
6952227	6111245
6760070	6111245
6836291	6111245
6867423	6111245
6635857	6111245
6690000	6111245
6727946	6111245
6734907	6111245
6248305	6117852
6781146	6118136
6882100	6118136
6911768	6118136
6891421	6118390
6763484	6118390
6753695	6118390
6690730	6118901
6377623	6118901
6903051	6123912
6924025	6127693
6891330	6127693
6727660	6127693
6617186	6127693
6506616	6127693
6812509	6128211
6807968	6142944
6699240	6142944
6663568	6142944
6656175	6142944
6464637	6142944
6567559	6151409
6912318	6151409
6964918	6153503
6756294	6153503
6770958	6153503
6596619	6153503
6699782	6153503
6703069	6153503
6716736	6153503
6413633	6156287
6540406	6158898
6423140	6159544
6448621	6160278
6586810	6160278
6734975	6160278
6800499	6160278
6969900	6160278
6867714	6160850
6868123	6160850
6690730	6160850
6573941	6160850
6442203	6160850
6435005	6161421
6463789	6161421
6763699	6161421
6524627	6162459
6778723	6163039
6448836	6169440
6459078	6169440
6339363	6169440
6558943	6171831
6954159	6172631
6312487	6174454
6461227	6174454
6416685	6174454
6888032	6180836
6759554	6180836
6867298	6180836
6850655	6181840
6801686	6181840
6832025	6181840
6885791	6181840
6909823	6181840
6445851	6181840
6450396	6182486
6532641	6182486
6631630	6182486
6692619	6183606
6555252	6183606
6780291	6183606
6333523	6184546
6319782	6187461
6906382	6187461
6872532	6190862
6384481	6194295
6924218	6197667
6723578	6197667
6674095	6197667
6721708	6199039
6344808	6199039
6631686	6207089
6607627	6207089
6880377	6207089
6893590	6207089
6566122	6210954
6664409	6211392
6800776	6211392
6847070	6215113
6753904	6215113
6930338	6215113
6900485	6215113
6624456	6215113
6624849	6215113
6720592	6215113
6518559	6215113
6507365	6215113
6600471	6215113
6429413	6215113
6554975	6217713
6827988	6217816
6806116	6218208
6934444	6219475
6740911	6236075
6617190	6236075
6464940	6236075
6399406	6236096
6508131	6236096
6839546	6236096
6838738	6236096
6888973	6243401
6635828	6243506
6724335	6249189
6690215	6249189
6707343	6249189
6703878	6249189
6924678	6249189
6934731	6249189
6946884	6249189
6867616	6249189
6831491	6249189
6744261	6249189
6400932	6249189
6602781	6255203
6499876	6257761
6702456	6257761
6837614	6257761
6794309	6268615
6793944	6274177
6946153	6274177
6924348	6277950
6812508	6284621
6496173	6288841
6483584	6288841
6933050	6291626
6720077	6291626
6645630	6291626
6524709	6291626
6613848	6291626
6576690	6291627
6524709	6291627
6645631	6291627
6628736	6292051
6642145	6294832
6670709	6294832
6656532	6294832
6518166	6294832
6562416	6294832
6593650	6294832
6905953	6294832
6903029	6294832
6846737	6294832
6774461	6294832
6469385	6294832
6514035	6302641
6707201	6302641
6432725	6309895
6737926	6310523
6891442	6310523
6844640	6315885
6812516	6323719
6818937	6323719
6764901	6323719
6777744	6323719
6798009	6323719
6680864	6323719
6528837	6323719
6537871	6323719
6434041	6323719
6418050	6323719
6915031	6324312
6947639	6324312
6624086	6326317
6656802	6326317
6830788	6338902
6750619	6339299
6720738	6339299
6460061	6343304
6595820	6350628
6616436	6355502
6605866	6355502
6558980	6355502
6555899	6355502
6525406	6355502
6730544	6355502
6703694	6355502
6692989	6355502
6696747	6355502
6677662	6355502
6677663	6355502
6639308	6355502
6646339	6355502
6627976	6355502
6753597	6355502
6750545	6355502
6744118	6355502
6798047	6355502
6794740	6355502
6777789	6355502
6818973	6355502
6815833	6355502
6821820	6355502
6844615	6355502
6846704	6355502
6853057	6355502
6853059	6355502
6953988	6355502
6943456	6355502
6965157	6355502
6965159	6355502
6967395	6355502
6921967	6355502
6919620	6355502
6924548	6355502
6897550	6355502
6897572	6355502
6893900	6355502
6879034	6355502
6876068	6355502
6873032	6355502
6873041	6355502
6476469	6355502
6475827	6355502
6909624	6360342
6647522	6360342
6571364	6360342
6801592	6366628
6599375	6375703
6582512	6375737
6524883	6375737
6649966	6375737
6774014	6375737
6852277	6383554
6841124	6383554
6939519	6383554
6887812	6395663
6730623	6395663
6449627	6399838
6699449	6403053
6908872	6403053
6569705	6410117
6599415	6416650
6787728	6416650
6482384	6423287
6853016	6429468
6590924	6432736
6548320	6432736
6825133	6432786
6773999	6432786
6627501	6455344
6797996	6459103
6737900	6462595
6834094	6462595
6696857	6462595
6798499	6466308
6848336	6467368
6710380	6469319
6610985	6469319
6614115	6469319
6844935	6483584
6858523	6486057
6884328	6486057
6878507	6486057
6727173	6486057
6717331	6489705
6684172	6493070
6704322	6504969
6661157	6510738
6603242	6510738
6665269	6549862
6888342	6549862
6970000	6549862
6768721	6549862
6785603	6558289
6966866	6558289
6956903	6587589
6684235	6587589
6844935	6590667
6856270	6594814
6954927	6594814
6915504	6594814
6884739	6602338
6953730	6602338
6852167	6602338
6844203	6602338
6790791	6602338
6873203	6603342
6686706	6603342
6848336	6644143
6927111	6689645
D505632	6797959
