6501525
6508110
6517486
6521547
6522526
6537854
6548621
6556268
6562706
6583067
6589849
6603467
6614168
6635967
6642595
6656668
6667072
6668894
6670090
6673661
6680148
6683469
6683781
6695455
6699379
6700783
6716741
6717071
6717331
6719610
6723624
6724532
6730922
6739946
6744520
6746823
6753192
6754902
6757189
6759694
6780223
6780943
6791887
6797090
6798200
6807141
6813138
6817465
6821708
6821911
6822258
6823113
6833565
6836693
6841509
6844579
6844983
6852249
6852582
6861676
6862170
6862228
6872980
6883932
6895123
6909108
6910839
6911413
6916674
6920036
6926770
6927911
6929461
6939659
6958492
6962839
6963089
6969912
6972049
6972851
