4810662
4855055
4873128
4918239
4927890
4929728
4935535
4966453
4968357
4971812
4978783
4992253
5010134
5024954
5057224
5068451
5091274
5094782
5137912
5158953
5161602
5170671
5172194
5178694
5180214
5180761
5194383
5206162
5220639
5221692
5223631
5240947
5241036
5242926
5245994
5259861
5262421
5266319
5268487
5270321
5272234
5289726
5290693
5294312
5302372
5307007
5311047
5312739
5314976
5317069
5320143
5320792
5332198
5340500
5340814
5340904
5347161
5348959
5351309
5351559
5358858
5366761
5373034
5378942
5384016
5384158
5385725
5394735
5395900
5405456
5405556
5407579
5407593
5411770
5413617
5414070
5416709
5422594
5426385
5429966
5429982
5430739
5436270
5436992
5440570
5445790
5453407
5455001
5457069
5458847
5460794
5466311
5466346
5475327
5478522
5478757
5482890
5482907
5486311
5486794
5486934
5487954
5494438
5495005
5495037
5496593
5499833
5502055
5504914
5504919
5506006
5506538
5510457
5512677
5514202
5517054
5518660
5521299
5525165
5526851
5527397
5527683
5533307
5534080
5534302
5535146
5536676
5545305
5550093
5553795
5557228
5557523
5559197
5560813
5563167
5563230
5567638
5567940
5570375
5571454
5576350
5578175
5582540
5583073
5585183
5586205
5587034
5594033
5595040
5596289
5597546
5602504
5602654
5604136
5610098
5610873
5614270
5615276
5616233
5616749
5623263
5624867
5628942
5629221
5630298
5631575
5635258
5640778
5641859
5643032
5643108
5646164
5647116
5648128
5651396
5652440
5653476
5653953
5656197
5656274
5656964
5658806
5660894
5661051
5663238
5665423
5667913
5668481
5670016
5670414
5670508
5671238
5672431
5674777
5678835
5686493
5686541
5696206
5698085
5698644
5700440
5701020
5701100
5702636
5704859
5705047
5706088
5712112
5714398
5714772
5717201
5719642
5720686
5722420
5729165
5732636
5733890
5734032
5734290
5734459
5736454
5741382
5741813
5742246
5742503
5746956
5749819
5750534
5751174
5752905
5753311
5756601
5757301
5758455
5759124
5760013
5766692
5768886
5773733
5773870
5774351
5776425
5776793
5776835
5777353
5777578
5779514
5781675
5783248
5783479
5784186
5786244
5786288
5789771
5790971
5795619
5795837
5804603
5804649
5804813
5808476
5808572
5809188
5810947
5816987
5817741
5821287
5821344
5821528
5825420
5827768
5828077
5831297
5836524
5837628
5838030
5838034
5842107
5843736
5844065
5846456
5846508
5847437
5848845
5849045
5849360
5849516
5849891
5853731
5854374
5856352
5857000
5863454
5866071
5867059
5870048
5872071
5876690
5876942
5876999
5883379
5886134
5886806
5891351
5891970
5893740
5893741
5898333
5900474
5903047
5907423
5909941
5911839
5911982
5912093
5913123
5913794
5917029
5917351
5922091
5923689
5926615
5930322
5931894
5932584
5935705
5936457
5941063
5943560
5947878
5948382
5952878
5952885
5958519
5959189
5960668
5961718
5962460
5964826
5965005
5965270
5965671
5966392
5971543
5972683
5973514
5973589
5977289
5977572
5978062
5981321
5981774
5986483
5991192
5993726
5994410
5998246
5998304
5999958
6003351
6004886
6004969
6005160
6005259
6011402
6019936
6024488
6029521
6031256
6031844
6033985
6037604
6042714
6043518
6045472
6046066
6046475
6052039
6052704
6054747
6057620
6060415
6060575
6063661
6074172
6074285
6077760
6080607
6087189
6087276
6087470
6087702
6087704
6087785
6090358
6090726
6091889
6093790
6094466
6103546
6106527
6111245
6115126
6117852
6118136
6118390
6118901
6121255
6123912
6127693
6128211
6136234
6137008
6139910
6142944
6151409
6153503
6153539
6156287
6157562
6158898
6159544
6160278
6160850
6161421
6162459
6163039
6166663
6168830
6169031
6169440
6171179
6171831
6172631
6174367
6174454
6180419
6180836
6181840
6182486
6183606
6184546
6187461
6190862
6194295
6197622
6197667
6199039
6200885
6201151
6207089
6208192
6210521
6210954
6211392
6215051
6215113
6217713
6217816
6218208
6219475
6225200
6225672
6232206
6236075
6236096
6243401
6243506
6246175
6249189
6249748
6251359
6251607
6255203
6257107
6257761
6268183
6268615
6271513
6271544
6274177
6274413
6277950
6284621
6287486
6288265
6288302
6288587
6288841
6291626
6291627
6292051
6293137
6294832
6297427
6299851
6302641
6309895
6309993
6310523
6313134
6315885
6322942
6323719
6324312
6325984
6326317
6335942
6338902
6339299
6343304
6348454
6348491
6350628
6352939
6355502
6360342
6366046
6366628
6370501
6375703
6375737
6379922
6380773
6382049
6383554
6385396
6395663
6399838
6403053
6403357
6410117
6414166
6416650
6423287
6425987
6428849
6429468
6432609
6432736
6432786
6436702
6451533
6455344
6459103
6459473
6461584
6461952
6462595
6465815
6466308
6467368
6469319
6479499
6482384
6483584
6486057
6489705
6493070
6495432
6495644
6503374
6503578
6503998
6504969
6510738
6514035
6514814
6517405
6518450
6525849
6535860
6549862
6558289
6564670
6566117
6570904
6574356
6579322
6587589
6590667
6594814
6602338
6603342
6613848
6614921
6614950
6644143
6646064
6674281
6674824
6680478
6686706
6689645
6693158
6700652
6704322
6730364
6736243
6738387
6739930
6754225
6774461
6777994
6782212
6797959
6798994
6800499
6819723
6877385
6883648
6903029

