Patent No	Cited patent
4855055	4639371
4855055	4683136
4855055	4722840
4855055	4742158
4873128	4305770
4873128	4419400
4918239	1460876
4918239	1988481
4918239	2051266
4918239	2092870
4918239	3974221
4918239	4154762
4918239	4250121
4918239	4670605
4918239	4816606
4927890	3900530
4927890	4735736
4927890	4774280
4929728	4795750
4935535	4782175
4966453	3801188
4966453	3947099
4966453	4535394
4966453	4765731
4966453	4798458
4968357	3193384
4971812	3911103
4971812	3920851
4978783	4067998
4978783	4709049
4978783	4711903
4978783	4755524
4992253	3572992
4992253	3718490
5010134	4511682
5010134	4600746
5024954	3964084
5068451	4864061
5091274	4657694
5091274	4737422
5091274	4798773
5137912	4590061
5137912	4767626
5158953	3511836
5158953	4335127
5158953	4585772
5161602	2594998
5170671	4638672
5172194	4758868
5172194	4835581
5172194	4878095
5172194	4926232
5178694	3840442
5178694	4728586
5178694	4820360
5178694	4851055
5178694	4872927
5180214	3838889
5180214	4033633
5180214	4040677
5180214	4224568
5180214	4583173
5180214	4683538
5180214	4762375
5180214	4832415
5180214	5015042
5180761	4093578
5180761	4465799
5180761	4703075
5194383	4981799
5206162	4981799
5220639	4587670
5220639	4718094
5220639	4759068
5220639	4797929
5220639	4797930
5220639	4803729
5220639	4829577
5220639	4831551
5221692	4599342
5221692	5045565
5223631	3007944
5223631	3316279
5223631	3333010
5223631	3472876
5223631	3843691
5223631	3935272
5223631	4256649
5223631	4822899
5241036	4868250
5242926	3933826
5242926	4761417
5245994	3079917
5245994	3234939
5245994	4328798
5245994	4498202
5245994	4502480
5245994	4590951
5245994	4700411
5245994	4852564
5245994	4903694
5245994	5093938
5245994	5136728
5259861	4259270
5259861	4435342
5259861	4900355
5262421	4543256
5266319	3879547
5268487	3461136
5268487	3920612
5268487	4048144
5268487	4118392
5268487	4145351
5272234	5204424
5289726	3927564
5289726	4984470
5302372	4466442
5302372	4957656
5307007	4450367
5307007	4461991
5307007	4792750
5307007	4890052
5307007	4935690
5307007	5038053
5307007	5045773
5307007	5144223
5311047	4385200
5311047	4600935
5311047	4633287
5311047	4665428
5311047	4728997
5311047	4736234
5311047	4820915
5311047	4847215
5312739	3996107
5312739	4282319
5312739	4448790
5312739	4560651
5312739	4814267
5312739	4970158
5312739	5013561
5312739	5141859
5312739	5188956
5317069	5182351
5320143	4052906
5320143	4535642
5320143	4624288
5320143	5033516
5320792	5147829
5320792	5232877
5320792	H626
5332198	3761548
5332198	4259270
5332198	4310292
5332198	4375440
5332198	4435342
5332198	5180539
5332198	5196049
5340500	4557856
5340500	5008468
5340500	5032547
5340500	5198153
5340814	5120736
5340814	5128338
5340814	5158953
5340904	5076817
5347161	4752813
5347161	4994873
5347161	5057899
5347161	5109256
5348959	4543256
5348959	5153178
5348959	5262421
5348959	5270321
5351309	5144684
5351559	4448081
5351559	4464939
5351559	4891990
5351559	4984470
5351559	5170671
5358858	4078332
5358858	4079544
5358858	4235043
5358858	4752638
5358858	4857474
5358858	5055402
5366761	4050962
5366761	4178171
5366761	4305753
5373034	5264513
5378942	4565934
5378942	4700088
5378942	4820943
5378942	5291076
5384016	3595484
5384016	4170513
5384016	4234333
5384016	4256708
5384016	5021133
5384158	4880694
5384158	4959243
5384158	5055322
5384158	5215782
5385725	4466442
5385725	4957656
5394735	4058368
5394735	4224280
5394735	4931851
5395900	3790602
5395900	4014771
5395900	4119640
5395900	4233130
5395900	4293678
5395900	4357219
5395900	4465806
5395900	4847337
5395900	4981743
5395900	5196481
5405456	3553038
5405456	3885059
5405456	4686117
5405456	4992309
5405556	3718383
5405556	3816160
5405556	3819782
5405556	4022855
5405556	4581252
5405556	5253323
5405556	5258144
5407579	3897414
5407579	4401652
5407579	4645829
5407579	5078886
5407579	5114589
5407579	5264555
5407593	4589197
5407593	5041346
5407593	5061581
5407593	5102751
5407593	5256335
5411770	4212900
5413617	3966463
5413617	4039317
5413617	4039327
5413617	4456473
5413617	4456474
5414070	3461136
5414070	4118392
5414070	4145351
5416709	3857613
5416709	4363523
5416709	4826258
5416709	4835695
5416709	4924394
5416709	4984164
5416709	5051907
5416709	5063514
5416709	5245695
5416709	5276620
5422594	3358215
5422594	4394632
5422594	4531105
5422594	4723113
5422594	4831340
5422594	4897618
5422594	5126694
5426385	4823031
5426385	4982363
5429966	5158902
5429966	5208173
5429966	5219774
5429966	5268320
5429982	4454646
5429982	5236862
5430739	4191970
5430739	4397022
5430739	4679082
5430739	4723243
5430739	4763330
5430739	4833678
5430739	4845713
5430739	4873688
5430739	4914660
5430739	4945537
5430739	4958348
5430739	5020060
5430739	5040179
5436270	4308280
5436270	4405643
5436270	5028627
5436270	5081148
5436270	5158883
5436270	5216025
5436270	5796195
5436992	4427260
5436992	4447116
5440570	4191970
5440570	4397022
5440570	4679082
5440570	4723243
5440570	4763330
5440570	4833678
5440570	4845713
5440570	4873688
5440570	4914660
5440570	4945537
5440570	4958348
5440570	5020060
5440570	5040179
5445790	4762558
5453407	4459363
5453407	4944930
5453407	5110768
5455001	4609528
5455001	4613480
5455001	4661156
5455001	4676829
5455001	4762679
5455001	5098469
5457069	4478881
5457069	4870033
5457069	5084417
5457069	5208170
5457069	5302552
5458847	3922396
5458847	3962494
5458847	4169171
5458847	4234628
5458847	4349390
5458847	5167992
5460794	3607046
5460794	4877759
5466346	4950368
5475327	4344188
5475327	5329173
5475327	5329189
5478522	3969278
5478522	4069043
5478522	4289833
5478522	4299629
5478522	4393563
5478522	4464205
5478522	4501717
5478522	4582536
5478522	4587096
5478522	4662939
5478522	4714586
5478522	4799955
5478522	4954170
5478522	4964909
5478522	5034187
5478522	5298052
5478522	5356453
5478522	5424257
5478757	4522663
5478757	5374581
5482890	5104824
5482890	5229320
5482890	5244828
5482890	5313484
5482890	5372675
5482907	2492543
5482907	4348485
5482907	4400431
5486311	4904066
5486794	4234858
5486794	4243953
5486794	4801898
5486934	3622220
5486934	4863224
5486934	4946253
5486934	4993789
5486934	5085496
5486934	5272550
5486934	5331445
5487954	3928709
5487954	4015030
5487954	4178387
5487954	4255492
5487954	4323621
5494438	4137712
5494438	4441312
5494438	4628688
5494438	5253474
5495005	3532711
5495005	3555043
5495005	3912733
5495005	3988335
5495005	4816479
5495037	4865762
5495037	4924020
5495037	4981607
5495037	5098978
5495037	5138010
5495037	5144055
5495037	5211877
5495037	5264517
5495037	5281685
5495037	5348684
5495037	5380915
5499833	2643898
5499833	3666292
5499833	4762332
5502055	4761417
5502055	5153178
5502055	5436270
5504914	4374418
5504914	4631660
5504914	4807115
5504914	4965720
5504914	5021993
5504914	5155817
5504914	5224063
5504914	5355460
5504914	5396640
5504919	4030077
5504919	4037205
5504919	4464732
5504919	4595995
5504919	4799149
5504919	4799152
5504919	4852020
5504919	4991134
5504919	5068822
5504919	5168567
5504919	5179712
5504919	5179717
5506006	5073408
5506006	5236874
5506006	5270233
5506006	5286664
5506538	4575811
5506538	4585961
5510457	4772940
5510457	4789748
5510457	4795242
5512677	5120736
5512677	5128338
5512677	5158953
5514202	3390981
5514202	4776883
5514202	5292359
5514202	5413617
5517054	4521800
5517054	4990988
5518660	2970966
5518660	4676928
5518660	4888248
5518660	4929433
5518660	5246624
5518660	5384291
5518660	5433774
5521299	4683202
5525165	2892743
5525165	3194696
5525165	3268372
5525165	5102476
5526851	4052906
5526851	4535642
5526851	4624288
5526851	5033516
5526851	5320143
5527397	3422527
5527397	4082570
5527683	4797350
5533307	4094111
5533307	4823522
5534080	4342608
5534080	4533603
5534302	3973071
5534302	4919739
5534302	5176865
5535146	4620206
5535146	4831340
5535146	4939681
5535146	4985860
5535146	5017973
5535146	5105373
5535146	5297066
5535146	5313398
5535146	5345401
5535146	5379231
5535146	5381345
5535146	5394346
5536676	4764480
5536676	4966868
5536676	5254495
5536676	5302539
5536676	5302552
5536676	5403772
5536676	5409853
5545305	5256260
5550093	4608356
5550093	4882307
5553795	2765122
5553795	4284245
5553795	4619406
5557228	5151625
5557228	5196742
5557523	4192180
5557523	4340935
5557523	4709223
5557523	4719796
5557523	4771387
5557523	4831868
5557523	4986114
5557523	5005405
5557523	5339682
5559197	4157324
5559197	4182732
5559197	5087657
5560813	3785939
5560813	4270986
5563230	4904066
5563230	5138010
5563230	5252695
5563230	5259987
5563230	5332251
5563230	5350538
5563230	5399290
5567638	4808261
5567638	5104818
5567638	5376593
5567638	5382533
5567638	5422291
5567940	4250384
5567940	5395663
5570375	5042034
5571454	4569734
5571454	4599194
5571454	4711742
5571454	5093033
5571454	5185100
5571454	5198153
5571454	5225109
5571454	5254633
5571454	5422423
5578175	3632498
5578175	3711385
5578175	4584085
5578175	4794048
5578175	4902388
5578175	5066380
5578175	5160599
5582540	2855244
5582540	3902128
5582540	4490948
5582540	5341602
5583073	4122215
5583073	4162337
5583073	4372996
5583073	5236873
5585183	4352883
5585183	4407957
5585183	4409331
5586205	3777149
5586205	3891302
5586205	4386822
5586205	4695123
5586205	4721352
5586205	4753497
5586205	4763972
5586205	4942623
5586205	5071212
5586205	5265178
5586205	5408555
5587034	2741294
5587034	30770
5587034	3244784
5587034	3367814
5587034	4394338
5587034	4474636
5587034	4873128
5595040	1725439
5595040	3716959
5595040	5148642
5595040	5163256
5595040	5349749
5596289	4228366
5596289	4338527
5596289	4929908
5596289	5130666
5596289	5196742
5596289	5394026
5597546	4212852
5597546	4444908
5602504	4405829
5602504	4586155
5602504	5151624
5602654	4472732
5602654	5019903
5602654	5303060
5602654	5305112
5602654	5382976
5602654	5473383
5604136	4211586
5604136	5055894
5604136	5068204
5610098	4170818
5610098	4990988
5610873	5161218
5610873	5253212
5610873	5343439
5614270	4468420
5616749	5057618
5616749	5412128
5623263	4551683
5623263	4600904
5623263	4884036
5623263	5298900
5624867	5010037
5624867	5162263
5624867	5217923
5624867	5217924
5624867	5268317
5629221	3793090
5629221	4623912
5629221	5032545
5629221	5219773
5629221	5369297
5629221	5407870
5629221	5478765
5629221	5504021
5630298	1574563
5630298	4047341
5630298	4328648
5630298	4766706
5630298	4823522
5630298	5533307
5631575	3969633
5631575	4100429
5631575	4808854
5631575	5373202
5635258	4740263
5635258	5353737
5640778	2785474
5640778	2855687
5640778	3439430
5640778	3848339
5640778	5317811
5641859	5232631
5643032	4172005
5643032	5228878
5643032	5394006
5643032	5401676
5643032	5506476
5643108	5028049
5643108	5301941
5647116	3115612
5647116	4586012
5647116	4901429
5651396	2441596
5651396	3628645
5651396	4052906
5651396	4217793
5651396	4454931
5651396	4624288
5651396	5033516
5651396	5078021
5651396	5320143
5651396	5526851
5652440	5371387
5652440	5404032
5653476	2305725
5653476	3002769
5653476	3501174
5653953	3725531
5653953	4427576
5653953	4605546
5656197	5138010
5656197	5399290
5656197	5425897
5656197	5447655
5656197	5563230
5656274	4595693
5656964	3838262
5656964	4546275
5656964	4586155
5656964	5397931
5658806	5283455
5658806	5300446
5658806	5395801
5661051	4381202
5661051	4746377
5661051	5120666
5661051	5188973
5661051	5401685
5661051	5426062
5661051	5510278
5661051	5580802
5663238	3935166
5663238	4059546
5665423	4522663
5665423	4663188
5665423	5374581
5665423	5478757
5667913	5066556
5667913	5108855
5667913	5424151
5668481	3976864
5668481	4519078
5668481	4598401
5668481	4601033
5668481	4601034
5668481	4817093
5668481	5412665
5670016	5376235
5670414	4912064
5670414	4933300
5670414	5225032
5670414	5238866
5670414	5362684
5670414	5366713
5670414	5390626
5670414	5445992
5672431	3755253
5672431	4510277
5674777	4698104
5674777	5122482
5674777	5171708
5674777	5208185
5674777	5227329
5674777	5298452
5674777	5366926
5674777	5389570
5674777	5393682
5678835	3937486
5678835	3981516
5678835	3995875
5678835	4132435
5678835	4424877
5678835	5568935
5686493	5196195
5686493	5436270
5686541	2527590
5686541	2931786
5686541	3179622
5686541	3334110
5686541	3636133
5686541	3669920
5686541	3923747
5686541	3979365
5686541	4520144
5686541	4762900
5686541	4766158
5686541	4766183
5686541	4786693
5686541	4902767
5686541	5112932
5696206	4772940
5696206	4789748
5696206	4795242
5696206	5510457
5698085	2568713
5698085	3356597
5698085	4647365
5698644	5484862
5700440	4311680
5700440	4857280
5701020	4980731
5701020	5091759
5701020	5124762
5701020	5331410
5701020	5408111
5701100	3787774
5702636	5449733
5704859	3648519
5704859	3900088
5704859	3942615
5704859	4121474
5704859	5324100
5704859	5480357
5705047	4643804
5705047	4666569
5705047	4931149
5705047	5272355
5705047	5275715
5705047	5298767
5705047	5331180
5705047	5376825
5705047	5420049
5705047	5444296
5705047	5444298
5705047	5501787
5706088	4030836
5706088	4516855
5712112	5460952
5714398	4330931
5714398	5168072
5714398	5242847
5714398	5571744
5714772	3748480
5714772	3881113
5714772	4766471
5714772	5101246
5714772	5414282
5717201	5144684
5717201	5221835
5719642	4897720
5719642	5200820
5719642	5315388
5719642	5357287
5719642	5416522
5719642	5430886
5719642	5453799
5719642	5512962
5719642	5561477
5719642	5568203
5719642	5604546
5719642	5608458
5719642	5636293
5720686	3340749
5720686	4290320
5720686	4624153
5720686	4644820
5720686	4836049
5720686	4856369
5720686	5045028
5720686	5080639
5720686	5230669
5720686	5364316
5722420	5054774
5722420	5277197
5722420	5403251
5722420	5474083
5722420	5484355
5722420	5484389
5722420	5512025
5722420	5540235
5722420	5597373
5729165	5268600
5729165	5369320
5729165	5489859
5732636	3797403
5732636	3937148
5732636	4141063
5732636	5067415
5732636	5258697
5732636	5379864
5732636	5528210
5734032	3770847
5734032	4797350
5734290	4935644
5734290	5043858
5734290	5140182
5734459	4798458
5734459	4966453
5736454	3377258
5736454	3764491
5736454	3890169
5736454	4289602
5741382	1716758
5741382	2678081
5741382	3202743
5741382	3508301
5741382	5093050
5741382	5288348
5741813	3912733
5741813	5495005
5741813	5516794
5742246	5012244
5742246	5079550
5742246	5148167
5742246	5150120
5742246	5202685
5742246	5243345
5742246	5245343
5742246	5248972
5742246	5325399
5742246	5379039
5742503	3633083
5742503	4214300
5742503	4549123
5742503	4602326
5742503	4754391
5742503	4836319
5742503	5124626
5742503	5222022
5742503	5223778
5742503	5229699
5742503	5283729
5742503	5311421
5742503	5325288
5742503	5396415
5742503	5412557
5742503	5453925
5742503	5535117
5742503	5568377
5742503	5587899
5742503	5625751
5742503	Re33267
5746956	3301932
5746956	4379098
5746956	4474685
5746956	4627138
5746956	5531851
5749819	4546532
5749819	4557035
5749819	4773152
5749819	4833772
5749819	5081762
5750534	4673679
5751174	5179295
5751174	5467038
5752905	5337623
5753311	4269654
5753311	4468420
5753311	4894353
5753311	5153035
5753311	5506006
5756601	5100977
5756601	5237023
5756601	5250639
5756601	5254670
5756601	5264552
5756601	5304613
5757301	5012244
5757301	5248972
5757301	5379039
5757301	5654711
5758455	3977140
5758455	4581199
5758455	5147018
5758455	5152110
5758455	5259159
5758455	5347771
5758455	5549282
5758455	5560161
5758455	5595372
5759124	4259880
5759124	4612004
5759124	4988328
5759124	5133695
5759124	5188569
5759124	5192250
5760013	4689407
5760013	4786724
5760013	5122517
5760013	5132414
5760013	5393744
5760013	5489677
5760013	5508270
5760013	5519126
5760013	5571798
5760013	5618704
5760013	5656745
5760013	5663312
5760013	5670489
5760013	5672697
5766692	5565376
5768886	2936585
5768886	2994287
5768886	3765178
5768886	4072008
5768886	4592200
5768886	4730453
5768886	4751815
5773733	5279191
5773733	5330701
5773733	5366686
5773733	5460640
5773733	5538533
5773870	5539241
5774351	3967173
5774351	4757434
5774351	5412557
5774351	5514935
5774351	5576940
5776425	1682240
5776425	1879022
5776425	5330833
5776793	4422888
5776793	4632711
5776793	5150191
5776793	5278856
5776793	5306662
5777353	5060234
5777353	5323030
5777353	5488237
5777578	5430654
5777578	5491636
5777578	5506588
5779514	5145435
5779514	5199917
5779514	5643032
5781675	4601541
5783248	4847163
5783248	4871578
5783248	4878914
5783248	4965088
5783248	4983182
5783248	4988362
5783248	5077079
5783479	4818715
5783479	5061647
5783479	5102815
5783479	5110411
5783479	5147814
5783479	5275960
5783479	5302536
5783479	5334545
5783479	5545578
5783479	5599725
5784186	4494821
5784186	5153769
5786244	5105241
5786244	5206527
5786244	5250822
5786288	3926648
5786288	4301324
5786288	4627160
5786288	4642148
5786288	4672152
5786288	4749665
5786288	4752531
5786288	4755490
5786288	4788064
5786288	4879261
5786288	5024975
5786288	5070046
5786288	5145540
5786288	5206190
5786288	5264399
5786288	5283210
5786288	5532194
5789771	4590502
5789771	5151758
5789771	5250826
5789771	5410167
5789771	5610410
5790971	4644749
5790971	4810941
5790971	4999558
5790971	5548455
5795619	3953624
5795619	3982055
5795619	4125648
5795619	4162899
5795619	4666667
5795619	4840820
5795619	4988395
5795619	5028454
5795837	3393971
5795837	5149677
5804603	3663607
5804649	4948685
5804649	4957833
5804649	4999263
5804649	5066556
5804649	5232631
5804813	4845356
5804813	4893008
5804813	5557113
5804813	5638206
5808476	4631724
5808476	5025344
5808476	5057774
5808476	5111136
5808476	5321354
5808476	5332973
5808476	5386158
5808476	5392293
5808476	5519333
5808572	4168513
5808572	4989000
5808572	5357250
5808572	5471207
5808572	5546080
5808572	5587710
5808572	5650783
5808572	5654702
5808572	5710562
5809188	4593969
5809188	4881791
5809188	4955028
5809188	4986624
5809188	5058977
5816987	4075927
5816987	4414732
5816987	4628586
5816987	4833772
5817741	4410684
5817741	5032667
5817741	5037949
5821287	5246989
5821344	5641859
5821528	4362934
5821528	5389776
5825420	5063608
5825420	5257213
5825420	5299025
5825420	5319724
5825420	5345408
5825420	5452466
5825420	5515388
5825420	5576765
5825420	Re34734
5827768	4789644
5827768	5079180
5827768	5118639
5827768	5198378
5827768	5268330
5827768	5312768
5827768	5409853
5827768	5496750
5827768	5683924
5827768	5736419
5828077	4926232
5828077	5389804
5828077	5459331
5828077	5705825
5831297	4857971
5831297	5506423
5831297	5633516
5831297	5701020
5836524	4240587
5836524	4250158
5836524	4284618
5836524	4384151
5836524	4983278
5836524	5264640
5837628	3531305
5837628	3745032
5837628	4385128
5837628	4849002
5838030	5091759
5838030	5206527
5838030	5331410
5838034	4074302
5838034	4245230
5838034	4598305
5838034	4814844
5838034	4865427
5838034	5189593
5838034	5248564
5838034	5331187
5838034	5418389
5838034	5449935
5838034	5502488
5838034	5515311
5838034	5548475
5838034	5567979
5838034	5572052
5838034	5623439
5842107	4770701
5842107	4793967
5842107	5070591
5842107	5173107
5842107	5352522
5842107	5436080
5844065	4996293
5844065	5268487
5844065	5414070
5846456	5405556
5846456	5541247
5846456	5593621
5846508	5453407
5846508	5460794
5846508	5693305
5847437	5087956
5847437	5132282
5847437	5148240
5847437	5517054
5848845	3939944
5848845	4006944
5848845	4057371
5848845	4137997
5848845	4342489
5848845	4343378
5848845	4759427
5848845	4785913
5849045	5066556
5849045	5424151
5849045	5597661
5849360	3807008
5849360	3959557
5849360	4150195
5849360	4442169
5849360	4810530
5849360	4830886
5849516	4375510
5849516	5573947
5853731	4595693
5853731	4595963
5854374	5221761
5854374	5432250
5856352	5563167
5857000	5109417
5857000	5297236
5857000	5363096
5857000	5640421
5863454	4762644
5863454	4880508
5863454	4904553
5863454	4929389
5863454	5110504
5866071	4003834
5866071	4346608
5866071	5284773
5866071	5393674
5866071	5562823
5866071	5575914
5867059	4518922
5867059	5309480
5870048	4704600
5870048	5274375
5870048	5323157
5872071	4672152
5872071	4755490
5872071	5100871
5872071	5122510
5872071	5262368
5872071	5280013
5872071	5415945
5872071	5449652
5872071	5461014
5876690	5108725
5876690	5112589
5876690	5695735
5876942	5578449
5876942	5596089
5883379	5005970
5883379	5200602
5886134	4287014
5886134	4978727
5886134	5189116
5886134	5426161
5886134	5548034
5886806	4494821
5886806	4632500
5886806	4961080
5886806	5153769
5891351	5348616
5891351	5735896
5891970	4851487
5891970	5159031
5891970	5164465
5891970	5208301
5891970	5237023
5891970	5250639
5891970	5254670
5891970	5641859
5893740	5073514
5893740	5217910
5893740	5413949
5893740	5496751
5893740	5578509
5893740	5631485
5893740	5650340
5893740	5656519
5893740	5744372
5893740	5792699
5893741	4948745
5893741	5079180
5893741	5084417
5893741	5118639
5893741	5198378
5893741	5242847
5893741	5306667
5893741	5496750
5893741	5504031
5893741	5637518
5898333	5514994
5898333	5729165
5898333	5783962
5900474	4107149
5900474	4136089
5903047	4254426
5903047	4518670
5903047	4609930
5903047	4722879
5903047	5075244
5903047	5194349
5903047	5525813
5907423	3729248
5907423	4494821
5907423	5153769
5909941	4098001
5909941	4355469
5909941	4477975
5909941	4556203
5909941	4627169
5909941	4720923
5909941	4848757
5909941	5148610
5909941	5396714
5911839	5217539
5911839	5316593
5911839	5342453
5911982	5162222
5911982	5169784
5912093	4237264
5912093	4801644
5912093	4855077
5912093	5407593
5912093	5456000
5912093	5549987
5912093	5687056
5913123	4640721
5913123	5281552
5913123	5407847
5913123	5443994
5913123	5500391
5913123	5521108
5913123	5668027
5913794	3716959
5913794	5148642
5913794	5349794
5913794	5595040
5917029	5460952
5917351	5446418
5922091	5209816
5922091	5389194
5922091	5391258
5922091	5476606
5922091	5756398
5922091	5800577
5923689	5165105
5923689	5282218
5923689	5331655
5926615	5444217
5926615	5517594
5926615	5715361
5930322	5424074
5930322	5530407
5930322	5594703
5930322	5684971
5930322	5729179
5930322	5854755
5931894	4745568
5931894	5046037
5931894	5101431
5932584	5340814
5932584	5371080
5932584	5512677
5935705	3394991
5935705	3565674
5935705	3937792
5935705	4022872
5935705	4117095
5935705	4118539
5935705	4122155
5935705	4147584
5935705	4280989
5935705	4393097
5935705	4476346
5935705	4499331
5935705	4504518
5935705	4710786
5935705	5204138
5935705	5234609
5935705	5242530
5936457	5561287
5936457	5572074
5936457	5748303
5936457	5773816
5936457	5793230
5936457	5804997
5941063	2908136
5941063	2911791
5941063	4802337
5941063	5768886
5943560	4905072
5943560	5073408
5943560	5242530
5943560	5354700
5943560	5461250
5947878	4833772
5947878	5081762
5947878	5749819
5947878	5876316
5948382	4814159
5948382	5700440
5948382	5728358
5952878	3787774
5952878	4494551
5952885	4999584
5952885	5606277
5958519	3859178
5958519	3890169
5958519	3898141
5958519	3914465
5958519	3929589
5958519	3935328
5958519	4194927
5958519	4433006
5958519	4859253
5959189	2471423
5959189	3028746
5959189	3375699
5959189	3785196
5959189	3939690
5959189	3952566
5959189	4217698
5959189	4763508
5959189	5031443
5959189	5072611
5959189	5184503
5959189	5226308
5960668	2789683
5960668	3456529
5960668	3496791
5960668	3710639
5960668	4541297
5960668	4685346
5960668	4747321
5961718	5219769
5961718	5420443
5961718	5433977
5961718	5443032
5961718	5497726
5961718	5541423
5964826	5467297
5964826	5890800
5965005	4119993
5965005	4248683
5965005	4268348
5965005	4303482
5965005	4874484
5965005	4876210
5965005	5139624
5965005	5141894
5965005	5145809
5965005	5183776
5965005	5221637
5965005	5256594
5965005	5352341
5965005	5828088
5965270	4980307
5965270	5138401
5965270	5252515
5965270	5481135
5965671	3342606
5965671	4079031
5965671	4814094
5965671	4814394
5965671	5272226
5965671	5534302
5965671	5559197
5966392	4756003
5966392	4847851
5966392	5511085
5966392	5539765
5966392	5802086
5971543	4798458
5971543	4966453
5971543	5734459
5972683	4600589
5972683	5700676
5972683	5709901
5972683	5780285
5972683	5846802
5973514	5525916
5973514	5559452
5973514	5594380
5973514	5898333
5973589	4097834
5973589	4290041
5973589	4559167
5973589	5119062
5973589	5369390
5977289	5268487
5977289	5414070
5977572	5329145
5977572	5404028
5977572	5598015
5977572	5604356
5978062	5015074
5978062	5061047
5978062	5418633
5978062	5469280
5978062	5668617
5978062	5673092
5978062	5784137
5978062	5831710
5978062	5880803
5981321	5162245
5981321	5395787
5981321	5478776
5981321	5710054
5981321	5856226
5981774	5495005
5986483	5073869
5991192	4858181
5991192	5272668
5991192	5305264
5991192	5432736
5993726	5425909
5993726	5484629
5994410	5177248
5994410	5294732
5994410	5416188
5998246	5355006
5998304	5326720
5998304	5378960
5998304	5516721
5998304	5650361
5999958	4791598
5999958	5285402
5999958	5357453
5999958	5598361
5999958	5668748
6003351	2808717
6003351	3029626
6003351	3695073
6003351	3789638
6003351	3881333
6003351	4008588
6003351	4083212
6003351	4336700
6003351	4351172
6005160	4806382
6005160	5376400
6011402	5113131
6011402	5546011
6011402	5883518
6019936	5340533
6019936	5342572
6019936	5794113
6024488	4649529
6024488	5144690
6024488	5351324
6024488	5563967
6024488	5869835
6029521	5165270
6029521	5402781
6029521	5404755
6029521	5438872
6031256	5151618
6031256	5365077
6031256	5389798
6031256	5389804
6031256	5459331
6031256	5828077
6031844	4774707
6031844	5570355
6031844	5648958
6031844	5787483
6031844	5844906
6031844	5883901
6033985	5329486
6033985	5408130
6033985	5668391
6033985	5824579
6033985	5895961
6033985	5937291
6037604	4607272
6037604	4806993
6042714	4340448
6042714	4545382
6042714	4713165
6043518	5060234
6043518	5323030
6043518	5488237
6045472	4889521
6045472	5162022
6045472	5188569
6045472	5192249
6045472	5192250
6045472	5409422
6045472	5437582
6045472	5503598
6045472	5690570
6045472	5716297
6045472	5738603
6045472	5759124
6046066	4071838
6046066	4597003
6046066	4670092
6046475	4784968
6046475	4868620
6046475	5060033
6046475	5177570
6046475	5466957
6046475	5605855
6046475	5608253
6046475	5757045
6046475	5841171
6052039	4851795
6052039	5023576
6052039	5339462
6052704	4890252
6052704	5206824
6052704	5448510
6052704	5467297
6052704	5612910
6054747	4903102
6054747	5684308
6054747	5714772
6054747	5736773
6057620	3791704
6057620	4037886
6057620	5142175
6057620	5155402
6057620	5256638
6057620	5319275
6057620	5481146
6057620	5508573
6057620	5729066
6060415	4310440
6060415	4699892
6060415	4861743
6060415	4921823
6060415	5019263
6060415	5258339
6060415	5360474
6060415	5374411
6060415	5429743
6060415	5464798
6060415	5567664
6060575	5268487
6060575	5414070
6060575	5675020
6063661	5266514
6063661	5286668
6063661	5597755
6074172	3659968
6074172	4353220
6074172	4613285
6074172	4772828
6074172	5535593
6074172	5836165
6074172	5947693
6074285	1035562
6074285	1281001
6074285	1317453
6074285	1329551
6074285	1377118
6074285	1608140
6074285	2123705
6074285	2434834
6074285	2909006
6074285	3543450
6074285	3971170
6074285	4944119
6077760	5670414
6080607	4744859
6080607	5200351
6080607	5576556
6080607	5604139
6080607	5648277
6080607	5661051
6080607	5663077
6080607	5677240
6080607	5686328
6080607	5698869
6080607	5719065
6080607	5741718
6080607	5757456
6080607	5786241
6080607	5808315
6080607	5834327
6080607	5904508
6080607	5914498
6080607	5943561
6080607	5946561
6080607	5956581
6080607	5966594
6087189	5362356
6087189	5450205
6087189	5552718
6087276	4619748
6087276	4624859
6087276	4683838
6087276	4915772
6087276	5313075
6087470	4278786
6087470	4595745
6087470	5084557
6087470	5268487
6087470	5414070
6087470	5844065
6087470	5939521
6087702	4394673
6087702	5079596
6087702	5323053
6087702	5847437
6087704	3619288
6087704	5585649
6087704	5796127
6087785	5623187
6087785	5773937
6087785	5859505
6090358	4737379
6090358	5110679
6090358	5236545
6090358	5254374
6090358	5320878
6090358	5508368
6090726	4050083
6090726	4261791
6090726	4375125
6090726	4956022
6090726	5066359
6090726	5131546
6090726	5462898
6090726	5529946
6090726	5651900
6090726	5849625
6091889	5418885
6091889	5683518
6091889	5820686
6091889	5841110
6091889	5926615
6093790	5268487
6093790	5414070
6093790	5817741
6093790	5844065
6103546	5478757
6103546	5627081
6106527	4573454
6106527	5681312
6106527	5810815
6111245	5841126
6111245	5952686
6115126	3229177
6115126	4643576
6115126	4744659
6115126	4768881
6115126	4786175
6115126	5305074
6115126	5357341
6115126	5432447
6115126	5771097
6117852	4578391
6117852	5648532
6118136	5389804
6118136	5414273
6118136	5432362
6118136	5459331
6118136	5828077
6118136	5939729
6118390	4090191
6118390	5168181
6118390	5818259
6118390	5886660
6118901	5099325
6118901	5475446
6118901	5568203
6118901	5585862
6118901	5636293
6118901	5706059
6123912	3871031
6123912	3905047
6123912	4396595
6123912	4917702
6123912	4952389
6123912	5066625
6123912	5518660
6123912	5580832
6123912	5716565
6127693	5247190
6127693	5401827
6127693	5408109
6127693	5425125
6127693	5514878
6128211	4163985
6128211	5229309
6128211	5369296
6136234	3718383
6136234	5405556
6136234	5541247
6136234	5593621
6136234	5846456
6137008	4410684
6137008	5032667
6137008	5037949
6137008	5069556
6137008	5132711
6137008	5363134
6139910	4100313
6142944	5441052
6142944	5910119
6142944	5997480
6151409	5392072
6151409	5978098
6153503	5053357
6153503	5252180
6153503	5316788
6153503	5376584
6153503	5445311
6153503	5492235
6153503	5511306
6153503	5531021
6153503	5535936
6153503	5638597
6153503	5724728
6153503	5773359
6153503	5795619
6153503	5856705
6153503	5874043
6153503	5910354
6153539	5352485
6153539	5545432
6153539	5595813
6153539	5811192
6153539	5877330
6156287	3656882
6156287	3656883
6156287	3813219
6156287	3820951
6156287	3850876
6156287	3923950
6156287	4002426
6156287	4004053
6156287	4237108
6156287	4285831
6156287	4295844
6156287	4301136
6156287	4412937
6156287	4534807
6156287	4618469
6156287	4921686
6156287	5153055
6156287	5154778
6156287	5269984
6156287	5474836
6157562	5378942
6157562	5815005
6157562	5867036
6158898	2953417
6158898	3804562
6158898	3948577
6158898	4000559
6158898	4476614
6158898	4551032
6158898	4618272
6158898	4997290
6158898	5048979
6158898	5051005
6158898	5094551
6158898	5209701
6158898	5658081
6158898	5899574
6159544	4106437
6159544	4324816
6159544	4344990
6159544	5145528
6159544	5614260
6159544	5733608
6160278	4211587
6160278	4379005
6160278	4543442
6160278	5516725
6160278	5652443
6160278	5923072
6160850	5173772
6160850	5387947
6160850	5610658
6160850	5754237
6160850	5781249
6160850	5838392
6160850	5864372
6160850	5926231
6161421	4343768
6161421	4580439
6161421	4703555
6161421	4885929
6161421	5019885
6161421	5698771
6161421	5767388
6162459	4879376
6162459	5079252
6162459	5733572
6163039	4686550
6163039	5416338
6163039	5663572
6163039	5952683
6166663	5185800
6166663	5625743
6166663	5649053
6168830	5501870
6168830	5593737
6168830	6027766
6169031	4113582
6169031	4430364
6169031	4696834
6169031	4820775
6169031	5393565
6169031	5716870
6169031	5789321
6169031	5914276
6169031	5946594
6169440	4365204
6169440	4393351
6169440	4999634
6169440	5168461
6169440	5477481
6169440	5724000
6169440	6023191
6171179	3924356
6171179	3984945
6171179	4965967
6171179	5214884
6171179	5520573
6171179	5906535
6172631	5982315
6174367	3916034
6174367	4421592
6174367	4659401
6174367	4870030
6174367	5210051
6174367	5593741
6174367	5637146
6174367	5900056
6174454	5855811
6180419	3800193
6180419	4607271
6180419	4667391
6180419	4772929
6180419	5070317
6180419	5198795
6180419	5652445
6181840	4832437
6181840	5007705
6181840	5039221
6181840	5706375
6181840	5875272
6181840	5915050
6181840	6058226
6182486	4450977
6182486	4474685
6182486	5055143
6182486	5193265
6182486	5531851
6182486	6029269
6183606	5824409
6183606	6007623
6184546	5389802
6184546	5521404
6184546	5548139
6184546	5635735
6184546	5701020
6184546	5789771
6187461	4075672
6187461	4109287
6187461	4210946
6187461	4388367
6190862	5521299
6194295	4080721
6194295	5094965
6194295	5892281
6194295	6030894
6194295	6074960
6194295	6093602
6197622	6044100
6197667	3619288
6197667	5585649
6197667	5796127
6200885	4211587
6200885	5221638
6200885	5627090
6201151	3637767
6201151	4565782
6201151	4744948
6201151	4762793
6201151	4886750
6201151	5273895
6201151	5912164
6207089	4474685
6207089	4916016
6207089	5419170
6207089	5473111
6207089	5531851
6207089	5531950
6207089	5593631
6207089	5746956
6207089	5749254
6207089	5792482
6208192	5187682
6208192	5774010
6208192	5805007
6208192	5886560
6210521	4474685
6210521	5531851
6211392	3739004
6211392	3843426
6215051	5460952
6215051	5677474
6215051	5693506
6215051	5712112
6215113	5962844
6215113	6140630
6217713	5417817
6217713	5792325
6217816	5870663
6217816	6007764
6217816	6027326
6218208	4358274
6218208	4397888
6218208	4609932
6218208	4657658
6218208	4812220
6218208	5078855
6218208	5319226
6218208	5407854
6225672	4810662
6225672	5243216
6225672	5311047
6232206	5342798
6232206	5413969
6232206	5908313
6232206	5933721
6232206	6022769
6232206	6033998
6232206	6114257
6236075	4397714
6236075	4792836
6236075	5319226
6236075	5466348
6236075	5520787
6236075	5798556
6236075	5851489
6236096	5503285
6236096	5528452
6236096	5543349
6236096	5792957
6236096	5912499
6236096	6036872
6243401	5048031
6243401	5068864
6243401	5103453
6243401	5107509
6243401	5373515
6243401	6034976
6243506	4368981
6243506	4632551
6243506	4896327
6246175	3814983
6249189	4965531
6249189	5889436
6249748	4108574
6249748	4109524
6249748	4315523
6249748	4633719
6249748	4669308
6249748	5295083
6249748	5526685
6249748	5966674
6251359	4444908
6251359	5597546
6251359	5653953
6251359	5700440
6251359	5948382
6255203	4282647
6255203	5624867
6255203	6008111
6255203	6057185
6257107	5626061
6257107	5713251
6257107	5804012
6257761	4155244
6257761	4364676
6257761	4381154
6257761	4647221
6257761	4906105
6257761	5667301
6257761	5702185
6268183	5859235
6268183	5976563
6268615	3808476
6268615	3863070
6268615	3911465
6268615	3916268
6268615	4433343
6268615	5247193
6268615	5451786
6268615	5932902
6268615	6111288
6268615	6166405
6271513	5838000
6271544	5670414
6271544	6077760
6274177	5494668
6274177	5683698
6274177	5716928
6274177	5804603
6274177	5908628
6274413	5661051
6274413	5693959
6274413	5796150
6274413	6117733
6277950	5340904
6277950	5414070
6277950	5886131
6277950	5977289
6277950	6060575
6277950	6093790
6284621	5814888
6284621	5863832
6284621	5880018
6284621	5949143
6284621	5989983
6284621	6071805
6284621	6130151
6287486	3306835
6288302	5460952
6288302	5677474
6288302	5693506
6288302	5712112
6288587	4742254
6288587	5121014
6288587	5151622
6288587	5229668
6288587	5936444
6288841	5900981
6288841	5903386
6288841	5969872
6288841	6122107
6291626	4354015
6291626	4389520
6291626	4618693
6291627	4618693
6292051	5625652
6292051	6055266
6294832	5521424
6294832	5766692
6294832	5869149
6294832	6008118
6294832	6166427
6294832	6177364
6294832	6187663
6297427	5306863
6299851	4314983
6299851	5653953
6299851	5693588
6299851	5700440
6299851	5891415
6302641	2910726
6302641	2920347
6302641	3277528
6302641	3420506
6302641	3713711
6302641	4197092
6302641	431571
6302641	4826393
6302641	4826394
6302641	5562405
6309895	5471364
6309895	6172385
6309993	4459364
6309993	4582814
6309993	4642148
6309993	4939021
6309993	5786288
6309993	5801108
6309993	5821181
6309993	5872071
6309993	5898359
6309993	5906527
6310523	5389898
6310523	5475344
6310523	6104253
6313134	4202980
6313134	4309542
6313134	4461895
6315885	4414244
6315885	5378331
6322942	4770966
6322942	4885220
6322942	5945241
6322942	6120955
6323719	5469076
6323719	5793239
6323719	5796281
6323719	5801584
6323719	5801586
6323719	5966032
6324312	5436992
6324312	5475771
6325984	4212854
6325984	4497783
6325984	5049364
6325984	5380602
6325984	5665321
6325984	5795553
6325984	5821190
6325984	5830421
6325984	5898014
6325984	5939037
6325984	5950421
6325984	6068824
6326317	4784967
6326317	5356823
6326317	5399515
6326317	5723376
6335942	4521109
6335942	4864577
6335942	5414724
6335942	5434875
6335942	6002704
6338902	5456867
6338902	5526150
6339299	4920299
6339299	5063490
6339299	5363020
6339299	5920155
6339299	6246181
6343304	4023028
6343304	4058715
6343304	4080661
6343304	4569030
6343304	4612626
6343304	6052703
6343304	6185595
6348491	5407683
6348491	5415869
6348491	5445809
6348491	5616330
6348491	5665761
6348491	5840757
6350628	5203731
6350628	5382185
6350628	5457355
6350628	5769679
6350628	5798568
6352939	4289602
6352939	5435896
6352939	5616233
6352939	5736454
6352939	6100562
6352939	6143627
6355502	5885852
6355502	6177719
6360342	5072138
6360342	5388104
6366046	5079489
6366046	5289096
6366046	5808465
6366628	4015083
6366628	4847876
6366628	5446416
6366628	6088414
6370501	5806026
6375703	3406025
6375703	3443929
6375703	4089676
6375703	4940596
6375737	5608231
6379922	4430348
6379922	4801463
6380773	4163946
6380773	4488123
6380773	4851787
6380773	5948046
6382049	3702082
6382049	3776065
6382049	3955429
6382049	5272937
6382049	5450337
6382049	5533422
6382049	5740701
6382049	6082186
6385396	4755654
6385396	4789771
6385396	4836138
6385396	6122440
6395663	3656984
6395663	4504339
6395663	4638401
6395663	5433917
6395663	5449652
6399838	4533767
6399838	4533768
6399838	4560810
6399838	4929766
6399838	5475156
6403053	3640865
6403053	4187109
6403053	4283752
6403053	5445806
6403053	5552355
6403053	5954994
6403357	4912044
6403357	5523224
6403357	5679571
6410117	5233599
6410117	5278001
6410117	5294523
6410117	5681632
6410117	6335069
6414166	3335154
6414166	4454329
6414166	4594437
6414166	5190618
6414166	5616735
6414166	5627289
6414166	5703252
6416650	3642601
6416650	5972180
6423287	5453407
6423287	5693305
6423287	5846508
6425987	4978437
6425987	5469981
6425987	5783049
6425987	5821168
6425987	5891556
6428849	5421914
6429468	5479032
6429468	6133593
6429468	6232624
6429468	6287946
6432609	3325568
6432609	5100762
6432609	5296332
6432736	4971415
6432736	5553091
6432736	6088374
6432786	2001/0039093
6432786	4748131
6432786	5382533
6432786	5571734
6432786	5599726
6432786	5605848
6432786	5712208
6432786	5714788
6432786	5780330
6432786	5831319
6436702	5135864
6436702	5236840
6436702	5602022
6451533	5403924
6455344	4990988
6455344	5427977
6455344	5478757
6455344	5644156
6455344	5726464
6455344	5739565
6455344	5834378
6455344	5914183
6455344	6017811
6455344	6103546
6455344	6143629
6455344	6171512
6455344	6249080
6459103	4686550
6459103	4704622
6459103	4999697
6459103	5049955
6459103	5151618
6459103	5682040
6459103	5965931
6459103	5977572
6459103	6043520
6459473	5008705
6459473	5117255
6459473	5182615
6459473	5783340
6459473	5864389
6461584	4169883
6461584	5417956
6461952	4587041
6461952	5009876
6461952	5328718
6461952	5451426
6461952	5824278
6461952	6066359
6461952	6352681
6462595	5644266
6462595	5930322
6462595	5969548
6462595	6067739
6462595	6131181
6465815	5786244
6466308	5438402
6466308	5546811
6466308	5682236
6467368	4222286
6467368	4848502
6467368	5052242
6467368	5577413
6467368	5588331
6467368	5588925
6467368	5676020
6467368	5682963
6467368	5732598
6467368	5802927
6467368	5845537
6467368	5921139
6467368	6021688
6467368	6067875
6469319	4927773
6469319	5523623
6469319	5574296
6479499	4159330
6479499	6103729
6482384	5453407
6482384	5460794
6482384	5649278
6482384	5693305
6482384	5846508
6482384	6120748
6482384	6159439
6482384	6423287
6483584	5017012
6483584	5298973
6483584	5910842
6483584	6134011
6483584	6191846
6483584	6256097
6483584	6288841
6486057	6184126
6486057	6224758
6486057	6251753
6486057	6277755
6486057	6413879
6489705	4999536
6489705	5008581
6489705	5073739
6489705	5561337
6489705	6064140
6489705	6104122
6493070	3809479
6493070	4859277
6493070	4888199
6495432	5629221
6495432	5674788
6495432	5851889
6495432	6001677
6495432	6030874
6495432	6323094
6495644	5514878
6495644	5558904
6495644	5807974
6495644	5902689
6503374	5426075
6503374	5519566
6503374	5683614
6503578	4584053
6503578	4837044
6503578	4866007
6503578	5174854
6503578	5192419
6503578	5242706
6503578	5279868
6503578	5330611
6503578	5432151
6503578	5499599
6503578	5616178
6503998	5736284
6504969	4473270
6504969	4652079
6504969	4815804
6504969	4890893
6510738	3638146
6510738	4211947
6510738	4370584
6510738	4649310
6510738	4760358
6510738	4868447
6510738	5041754
6510738	5521772
6510738	5824903
6514035	140808
6514035	2910726
6514035	2920347
6514035	314489
6514035	3277528
6514035	3420506
6514035	3713711
6514035	4197092
6514035	431571
6514035	4426190
6514035	4732529
6514035	4826393
6514035	4826394
6514035	5052887
6514035	5553998
6514035	5562405
6514035	6168374
6514035	6302641
6514035	6357997
6514035	6367247
6514035	6419444
6514814	5471364
6514814	5978207
6514814	6172385
6517405	4958590
6517405	5580380
6517405	5602439
6517405	5702281
6517405	5944573
6517405	6132278
6518450	3857891
6518450	3934032
6518450	4165384
6525849	5982791
6525849	6188509
6525849	6330098
6535860	5581494
6549862	4067060
6549862	4703433
6549862	5832026
6549862	5841808
6549862	5950124
6549862	6144692
6549862	6236371
6558289	5285111
6558289	5558175
6558289	5577973
6558289	5637987
6558289	5713425
6558289	5887670
6558289	5931757
6564670	5213005
6564670	5287766
6564670	5307706
6564670	5438889
6564670	5660083
6564670	5673594
6564670	5730030
6564670	5732593
6570904	3585523
6570904	3805188
6570904	4807240
6570904	5627849
6570904	6252892
6574356	4961425
6574356	5270923
6574356	5319551
6574356	5390291
6574356	5734384
6574356	5742293
6574356	5799100
6574356	5878159
6574356	6283763
6579322	5514581
6579322	6407208
6587589	5745392
6587589	5889559
6587589	5907360
6587589	5999656
6587589	6041147
6590667	5557399
6590667	5600441
6590667	5793480
6594814	5778250
6594814	5918042
6594814	6275969
6594814	6298472
6602338	6093944
6603342	3965372
6603342	4769621
6603342	4866430
6613848	6180695
6613848	6291626
6614921	5544219
6614921	6018728
6614921	6125194
6614921	6272233
6614950	2001/0055138
6614950	2002/0063928
6614950	2002/0150334
6644143	5588925
6644143	5660083
6644143	5676020
6644143	6067875
6644143	6209413
6674281	2002/0008533
6674281	4147979
6674281	4438401
6674281	4894608
6674281	5243403
6674281	5267336
6674281	5331275
6674281	5736856
6674281	6215121
6674281	6316937
6674281	6396054
6674281	6414473
6674281	6437885
6674281	6483304
6674824	5371425
6674824	5487093
6674824	5978425
6674824	6028460
6674824	6064272
6674824	6242956
6680478	4785186
6680478	4881979
6680478	5589688
6680478	6169284
6680478	6323059
6686706	2001/0050795
6686706	4488305
6686706	4866430
6686706	5402432
6686706	6603342
6689645	3969485
6689645	4778532
6689645	5506006
6689645	5525535
6689645	5529946
6689645	5547900
6689645	5612239
6689645	5648128
6689645	5783495
6689645	5849625
6689645	5854101
6689645	5937281
6693158	5514878
6693158	5558904
6693158	5807974
6693158	5902689
6700652	4201467
6700652	4804263
6700652	4919536
6700652	4989969
6700652	5491642
6700652	5751410
6700652	5883707
6704322	4291409
6704322	5343496
6704322	5583853
6704322	5760941
6704322	6044083
6704322	6181729
6704322	6188714
6704322	6226315
6704322	6356555
6704322	6442189
6704322	6456647
6704322	6493376
6704322	6504969
6730364	3979330
6730364	4685940
6730364	5238888
6730364	5262198
6730364	5695818
6736243	3878921
6736243	5960914
6736243	6206144
6738387	5790546
6738387	6172980
6738387	6262976
6738387	6330602
6738387	6606315
6738387	6625150
6739930	4008412
6739930	4095133
6739930	5401676
6739930	5449435
6739930	5481156
6739930	5643032
6739930	5666020
6739930	5739628
6739930	5779514
6739930	5818153
6739930	5834790
6739930	5982081
6739930	6017257
6739930	6049089
6739930	6080032
6739930	6165808
6739930	6232705
6739930	6326221
6739930	6387717
6739930	6461526
6739930	6498425
6739930	6617772
6754225	5953344
6754225	6529520
6774461	5567660
6774461	6187663
6774461	6294832
6774461	6492257
6774461	6521524
6777994	2002/0000885
6777994	5298870
6777994	5420547
6777994	6252467
6777994	6621358
6782212	4949056
6782212	4989200
6782212	5134509
6782212	5144468
6782212	5321849
6782212	5457811
6782212	5652750
6782212	5678198
6782212	6108113
6782212	6490066
6797959	3723747
6797959	3866184
6797959	3992102
6797959	5473167
6797959	5497144
6797959	5552765
6797959	5587790
6797959	5629571
6798994	4918747
6798994	5010588
6798994	5181138
6798994	5422752
6798994	5457561
6798994	5457563
6798994	5463461
6800499	4795717
6800499	4804410
6800499	5285084
6800499	5517054
6800499	6160278
6819723	5465396
6819723	5698786
6819723	5700952
6819723	5804729
6819723	5831167
6877385	4333349
6877385	4442717
6877385	4456901
6877385	4680606
6877385	5408112
6877385	5522266
6877385	6040900
6877385	6044705
6883648	3878921
6883648	3927736
6883648	5979609
6883648	6557671
6883648	6564910
6883648	D419934
6903029	5220482
6903029	5567660
6903029	5616233
6903029	5691240
6903029	6090726
6903029	6187663
6903029	6294832
6903029	6461983
6903029	6492257
6903029	6521524
