6097927
6128609
6259889
7206938
7476103
7561725
7802103
8078381
8234228
8306931
8345962
8345984
8437506
8442321
8457409
8463025
8504361
8527276
8540520
8582807
8612251
8676921
8682086
8700552
8762302
8775332
8781218
8798375
8861842
8879813
8885901
8892488
8909569
8949170
8953844
8965112
8972316
9002085
9008391
9015083
9043329
9063930
9099066
9099083
9099179
9129148
9141916
9147117
9153024
9153230
9165243
9171261
9177550
9187099
9189742
9190053
9196243
9202110
9202144
9202253
9202462
9211314
9224180
9230159
9230192
9230194
9230221
9235799
9239987
9240184
9256805
9262688
9262724
9265441
9269022
9269043
9275269
9275308
9275347
9280968
9286325
9292787
9300554
9305216
9305554
9317115
9324022
9324321
9330171
9330329
9330332
9330362
9330563
9336781
9338348
9342781
9342797
9354778
9355067
9361577
9367519
9368110
9372914
9373057
9373059
9373160
9373324
9378464
9378733
9378735
9380224
9384385
9384403
9384645
9390315
9390348
9390370
9390712
9396400
9396483
9396641
9400918
9400919
9400925
9400955
9401148
9411955
9412365
9414780
9417911
9418375
9418546
9424079
9424493
9424494
9424533
9426385
9430697
9432671
9434382
9435657
9436895
9436997
9443141
9443192
9443320
9443517
9445713
9445763
9449432
9451077
9451335
9451406
9453941
9454524
9454714
9454725
9454958
9460076
9460386
9460711
9462102
9465813
9466292
9471840
9471853
9471884
9473758
9477654
9477753
9477906
9477925
9478063
9483704
9483728
9483822
9484022
9484030
9484046
9486146
9489630
9493130
9495345
9497243
9501724
9502038
9504420
9508347
9514356
9514389
9514404
9514740
9514741
9514753
9519859
9520127
9520128
9524440
9524450
9524461
9524730
9530071
9530082
9530400
9530403
9532762
9535960
9536167
9536177
9536191
9536293
9538925
9541383
9542626
9542948
9547808
9547821
9548048
9552547
9552548
9552549
9554738
9558742
9558748
9563744
9563847
9564123
9566411
9568611
9569736
9570079
9571597
9575952
9576221
9577992
9582264
9582725
9582730
9582753
9582762
9583229
9589210
9589374
9590986
9594827
9594983
9594984
9595002
9595053
9595261
9600231
9600764
9601109
9602530
9602783
9604639
9606986
9607224
9607228
9607355
9607616
9609307
9612123
9612403
9612661
9613620
9613624
9616897
9619735
9619881
9621443
9623905
9626001
9626566
9626598
9626621
9626677
9626766
9627532
9630005
9631936
9631943
9632589
9633268
9633274
9633282
9633306
9633671
9635178
9635181
9637111
9638678
9639777
9640186
9640195
9641681
9641799
9644847
9646243
9646266
9646634
9651368
9652525
9652618
9652714
9652745
9652840
9652846
9653093
9654622
9659225
9659254
9659384
9659560
9661226
9662040
9663831
9665100
9665565
9665784
9665823
9666183
9666184
9668699
9671566
9672445
9672462
9672601
9672811
9672814
9672821
9672823
9672829
9674441
9674447
9678928
9679030
9679113
9679194
9679255
9679258
9681250
9684851
9685155
9687199
9687208
9689983
9690293
9690938
9691020
9691161
9693695
9696719
9696721
9696812
9697433
9697437
9697439
9697599
9697820
9697826
9697828
9697830
9700219
9703929
9704054
9704068
9704185
9704256
9704482
9706111
9706964
9709986
9710265
9710606
9710714
9710716
9711141
9712860
9715495
9715642
9715656
9715660
9715731
9716792
9719842
9720515
9720882
9720934
9721150
9721186
9721190
9721559
9721561
9721562
9721566
9723144
9723149
9723151
9727798
9727824
9728184
9729921
9730643
9730649
9734141
9734436
9734567
9734823
9734824
9736349
9739783
9740678
9740944
9740963
9740966
9746929
9747083
9747904
9749718
9749738
9750450
9754080
9754163
9754188
9754190
9754205
9754206
9754217
9754218
9754219
9754220
9754221
9754587
9756552
9757561
9758257
9758839
9760090
9760606
9760676
9760690
9760792
9760806
9760807
9760833
9760850
9760978
9761221
9761222
9761227
9764162
9767182
9767381
9767407
9767410
9767565
9769524
9769536
9773196
9774626
9775229
9779204
9779354
9779423
9779611
9779706
9779727
9779730
9779735
9779756
9781149
9781575
9782585
9785717
9785748
9785866
9785919
9786036
9786084
9786270
9786995
9787745
9788796
9792275
9792397
9792492
9792501
9792531
9792532
9792534
9792825
9792907
9796400
9798527
9798612
9798980
9799102
9799120
9799327
9801066
9802042
9802125
9805098
9805255
9805269
9805273
9805293
9805294
9805296
9805306
9805466
9805601
9805716
9805717
9805720
9807235
9807473
9807522
9808109
9811102
9811519
9811745
9811754
9811756
9811765
9811886
9811906
9812028
9812122
9812151
9812175
9813810
9816308
9817383
9817399
9817471
9818029
9818032
9818048
9818059
9818067
9818150
9818239
9818414
9819906
9823744
9824189
9824294
9824304
9824519
9824683
9824684
9824692
9824723
9826351
9826911
9827496
9830315
9830529
9830681
9832353
9834114
9836450
9836455
9836457
9836484
9836620
9836643
9836691
9836819
9836820
9836839
9836896
9837069
9838399
9838641
9838737
9838843
9842264
9842302
9842585
9842608
9842609
9842610
9846772
9846822
9846836
9846915
9846938
9848009
9848388
9849044
9850523
9851213
9852231
9852327
9852790
9853976
9856020
9857170
9858263
9858295
9858340
9858529
9858919
9858922
9858927
9859029
9860355
9861446
9864424
9864912
9864918
9864931
9864933
9864951
9864953
9864956
9865247
9865254
9865265
9865280
9866693
9866984
9866996
9867012
9867587
9868394
9870005
9870341
9870623
9870625
9870649
9873428
9875258
9875301
9875391
9875429
9875445
9875592
9875610
9875737
9875747
9877058
9880553
9880999
9881053
9881207
9881236
9881273
9881615
9881631
9883259
9884623
9884627
9886377
9886758
9886771
9886841
9886948
9886949
9886953
9886954
9886957
9887351
9888337
9888397
9889716
9889856
9891883
9892223
9892324
9892326
9892344
9892732
9894199
9894471
9896309
9897449
9898250
9898685
9898688
9899034
9899035
9900436
9900669
9902401
9902495
9903728
9904287
9904849
9904874
9904875
9905104
9905112
9906539
9906554
9906704
9906722
9909904
9910986
9911052
9911069
9911290
9911413
9912349
9912687
9912810
9912821
9913135
9913157
9914213
9914475
9915625
9916304
9916513
9916522
9916524
9916525
9916531
9916538
9916542
9916563
9916679
9916755
9916825
9916965
9918006
9919217
9919704
9921164
9922095
9922271
9922272
9922664
9922696
9923124
9924343
9924880
9928213
9928231
9928410
9928418
9928427
9928435
9928443
9928448
9928449
9928461
9928592
9928600
9930025
9930060
9933351
9934153
9934364
9934447
9934462
9934468
9934470
9934567
9934587
9934775
9934777
9934823
9934838
9935772
9936208
9936345
9939272
9939813
9940187
9940321
9940390
9940394
9940467
9940520
9940533
9940539
9940548
9940549
9940576
9940625
9940729
9940761
9940834
9940935
9941959
9942085
9942356
9942706
9943272
9943387
9945264
9946260
9946437
9946514
9946718
9946719
9946862
9946958
9947093
9947095
9947103
9947202
9947314
9947338
9948349
9949519
9949714
9950700
9950815
9952042
9952574
9953216
9953217
9953222
9953224
9953236
9953332
9953355
9953372
9953425
9953634
9954879
9955080
9955319
9955552
9955905
9958861
9959412
9959457
9959468
9959480
9959486
9959498
9959615
9959862
9959887
9961194
9962093
9962124
9964607
9965269
9965458
9965531
9965610
9965612
9965635
9965705
9965717
9965798
9965865
9965881
9965901
9966065
9967382
9968257
9968264
9968303
9971329
9971791
9971942
9971953
9971958
9971966
9972014
9972080
9972092
9972187
9972206
9972304
9972305
9972313
9972314
9972318
9972339
9972360
9972478
9973689
9973711
9973849
9974344
9974454
9974488
9977430
9977562
9977805
9977807
9977870
9977955
9977977
9977980
9978003
9978013
9978067
9978095
9978374
9978388
9978425
9980004
9980010
9980011
9980780
9981128
9983581
9984060
9984160
9984314
9984325
9984682
9984683
9985786
9985825
9986089
9986394
9988624
9988781
9989964
9989965
9990176
9990367
9990546
9990564
9990565
9990590
9990591
9990644
9990687
9990709
9990710
9990743
9990917
9990918
9990923
9990926
9991606
9992018
9993166
9993735
9994218
9996080
9996523
9996531
9996590
9996819
9996923
9997050
9997842
9998130
9998487
9998597
9998804
9998805
9999392
10002029
10002136
10002146
10002310
10002311
10002312
10002313
10002322
10002402
10002415
10002641
10003483
10004112
10004451
10006778
10007766
10007854
10007859
10007864
10007867
10007868
10007921
10007971
10008035
10008193
10008197
10008209
10008243
10009375
10009537
10009644
10009666
10010801
10012993
10013441
10013599
10013615
10013627
10013628
10013637
10013639
10013640
10013644
10013652
10013653
10013774
10013781
10013973
10013974
10013979
10013981
10014002
10015124
10015139
10015592
10017271
10019004
10019011
10019489
10019506
10019631
10019654
10019655
10019674
10019759
10019788
10019901
10019904
10019907
10019984
10019990
10021527
10024544
10024711
10025773
10025813
10025902
10025980
10025991
10025993
10026020
10026021
10026230
10026237
10026309
10026332
10026403
10027662
10027701
10027854
10027888
10029066
10030602
10031526
10031727
10032067
10032072
10032276
10032281
10032335
10032451
10032463
10032498
10033686
10034066
10034630
10035425
10037030
10037231
10037367
10037421
10037471
10037601
10037610
10037613
10037699
10037768
10037874
10038787
10038838
10038966
10038992
10039016
10040453
10040551
10041918
10042038
10042045
10042359
10043058
10043076
10043088
10043090
10043109
10043112
10043113
10043135
10043243
10043261
10043285
10043512
10043516
10043521
10043591
10044505
10044647
10045004
10045120
10045699
10045726
10045737
10046229
10047358
10047679
10048826
10049103
10049105
10049106
10049179
10049267
10049284
10049299
10049301
10049305
10049307
10049308
10049323
10049408
10049450
10049457
10049657
10049663
10049685
10049770
10050910
10051121
10051122
10051423
10051475
10052026
10052034
10054552
10055411
10055481
10055540
10055542
10055652
10055653
10055657
10055675
10055685
10055686
10055843
10055853
10056075
10056078
10057664
10058290
10059061
10059336
10059569
10061003
10061276
10061300
10061326
10061637
10061769
10061848
10061909
10061911
10061972
10061984
10062011
10062014
10062038
10062039
10062069
10062130
10062198
10062374
10062378
10062384
10062392
10063434
10063497
10063575
10063582
10063584
10063922
10063965
10064559
10065517
10065647
10065652
10065717
10065718
10067090
10067509
10067857
10067938
10068024
10068052
10068060
10068099
10068138
10068140
10068171
10068174
10068187
10068405
10068445
10068557
10068573
10068587
10068670
10069697
10069837
10069852
10069955
10070050
10071884
10072933
10073681
10073802
10073816
10073830
10073952
10073965
10074017
10074020
10074024
10074038
10074041
10074042
10074050
10074054
10074361
10074363
10074368
10074369
10074371
10074380
10075449
10075458
10075463
10075676
10076270
10078509
10078711
10078759
10078786
10078892
10078895
10078919
10079015
10079022
10079072

10080861
10081426
10082060
10082470
10082562
10082771
10082774
10082798
10083006
10083162
10083167
10083170
10083347
10083368
10083369
10083373
10083374
10083375
10083378
10083379
10083397
10083439
10083502
10083504
10083523
10083537
10083688
10083689
10084805
10085073
10085663
10085685
10086782
10088983
10089071
10089072
10089168
10089297
10089383
10089522
10089556
10089576
10089580
10089743
10089762
10089791
10089974
10089977
10089979
10089981
10090001
10090600
10090791
10090798
10091130
10091355
10092201
10092212
10092232
10095050
10095091
10095228
10095229
10095234
10095473
10095552
10095553
10095554
10095684
10095716
10095850
10095917
10095950
10095957
10095977
10095981
10095992
10096107
10096109
10096121
10096122
10096134
10096169
10096318
10097263
10097568
10097572
10097902
10097961
10099372
10101744
10101745
10101995
10102149
10102200
10102206
10102255
10102256
10102258
10102277
10102341
10102342
10102449
10102454
10102473
10102730
10102855
10103611
10103669
10103890
10104227
10104345
10104608
10105090
10105092
10106083
10106153
10106156
10107612
10108264
10108580
10108608
10108707
10108709
10108850
10108866
10108867
10108871
10108902
10108962
10109298
10110743
10111043
10111632
10112113
10114000
10114519
10114623
10114858
10115009
10115024
10115025
10115032
10115039
10115055
10115167
10115194
10115215
10115229
10115393
10116632
10117172
10117588
10117617
10117640
10119845
10120649
10120653
10120747
10121080
10121087
10121095
10121103
10121107
10121227
10121245
10121250
10121467
10121471
10121494
10122733
10122906
10122973
10123691
10123729
10124730
10126141
10127040
10127214
10127220
10127433
10127438
10127465
10127493
10127494
10127495
10127496
10127499
10127651
10127659
10127696
10127728
10127811
10127908
10127929
10129314
10129476
10129573
10129705
10130261
10130299
10130307
10130308
10131347
10133273
10133274
10133275
10133739
10133865
10133933
10133938
10133942
10133944
10133958
10133959
10133961
10133964
10133999
10134131
10134155
10134254
10134278
10134279
10134388
10134393
10134396
10134421
10134425
10134472
10135739
10135789
10135815
10135852
10136174
10136250
10136852
10136856
10137889
10137984
10139823
10139825
10139833
10139837
10139985
10140206
10140251
10140252
10140392
10140492
10140515
10140522
10140544
10140553
10140572
10140574
10140690
10140738
10140776
10140820
10140859
10140880
10140882
10140979
10140980
10140987
10140989
10140991
10141006
10141009
10141010
10142222
10142396
10142483
10142745
10142822
10143027
10143842
10145962
10146306
10146533
10146593
10146768
10146769
10146796
10146835
10146914
10146925
10146991
10147017
10147056
10147193
10147197
10147319
10147423
10147439
10147442
10147459
10148211
10148643
10148789
10148912
10150414
10151136
10151636
10152299
10152336
10152462
10152627
10152635
10152639
10152655
10152676
10152768
10152822
10152858
10152879
10152970
10153113
10154030
10154071
10154134
10154138
10154176
10154191
10154216
10154379
10154810
10154819
10156848
10157042
10157045
10157059
10157085
10157086
10157224
10157272
10157314
10157333
10157441
10157462
10157479
10157537
10157613
10157614
10157619
10158158
10158754
10158757
10158897
10159411
10159459
10159530
10160550
10161882
10162308
10162353
10162355
10162362
10162794
10162799
10162816
10162886
10162939
10162956
10163000
10163011
10163042
10163043
10163046
10163197
10163227
10163239
10163241
10163242
10163350
10163437
10163442
10163443
10163454
10164344
10164985
10165194
10165259